Datetime,Open,High,Low,Close,Volume,Dividends,Stock Splits
2023-03-06 13:30:00-05:00,5.75,5.75,5.579999923706055,5.610000133514404,0,0.0,0.0
2023-03-06 14:30:00-05:00,5.6149001121521,5.650000095367432,5.565000057220459,5.610000133514404,39477,0.0,0.0
2023-03-06 15:30:00-05:00,5.619999885559082,5.695000171661377,5.610000133514404,5.690000057220459,68149,0.0,0.0
2023-03-07 09:30:00-05:00,5.590000152587891,5.920000076293945,5.5,5.860000133514404,42140,0.0,0.0
2023-03-07 10:30:00-05:00,5.875,5.900000095367432,5.809999942779541,5.880000114440918,42823,0.0,0.0
2023-03-07 11:30:00-05:00,5.869999885559082,5.929999828338623,5.864999771118164,5.920000076293945,16421,0.0,0.0
2023-03-07 12:30:00-05:00,5.929999828338623,5.940000057220459,5.84499979019165,5.84499979019165,14389,0.0,0.0
2023-03-07 13:30:00-05:00,5.86899995803833,5.909999847412109,5.849999904632568,5.869999885559082,16675,0.0,0.0
2023-03-07 14:30:00-05:00,5.880000114440918,5.900000095367432,5.849999904632568,5.889999866485596,20398,0.0,0.0
2023-03-07 15:30:00-05:00,5.880000114440918,5.900000095367432,5.860000133514404,5.869999885559082,41607,0.0,0.0
2023-03-08 09:30:00-05:00,5.880000114440918,5.940000057220459,5.6305999755859375,5.75,50778,0.0,0.0
2023-03-08 10:30:00-05:00,5.730000019073486,5.800000190734863,5.699999809265137,5.739999771118164,26596,0.0,0.0
2023-03-08 11:30:00-05:00,5.75,5.75,5.590000152587891,5.617499828338623,33966,0.0,0.0
2023-03-08 12:30:00-05:00,5.619999885559082,5.619999885559082,5.539999961853027,5.570000171661377,22370,0.0,0.0
2023-03-08 13:30:00-05:00,5.559999942779541,5.570000171661377,5.440000057220459,5.485000133514404,52275,0.0,0.0
2023-03-08 14:30:00-05:00,5.485000133514404,5.485000133514404,5.429999828338623,5.429999828338623,34851,0.0,0.0
2023-03-08 15:30:00-05:00,5.440000057220459,5.550000190734863,5.434999942779541,5.510000228881836,54790,0.0,0.0
2023-03-09 09:30:00-05:00,6.099999904632568,6.099999904632568,5.797800064086914,6.019999980926514,187963,0.0,0.0
2023-03-09 10:30:00-05:00,6.010000228881836,6.448500156402588,6.010000228881836,6.448500156402588,228141,0.0,0.0
2023-03-09 11:30:00-05:00,6.420100212097168,6.466400146484375,6.320000171661377,6.340000152587891,184548,0.0,0.0
2023-03-09 12:30:00-05:00,6.349999904632568,6.380000114440918,6.0,6.010000228881836,386079,0.0,0.0
2023-03-09 13:30:00-05:00,6.010000228881836,6.199999809265137,6.0,6.130000114440918,257916,0.0,0.0
2023-03-09 14:30:00-05:00,6.119999885559082,6.260000228881836,6.090000152587891,6.164999961853027,181256,0.0,0.0
2023-03-09 15:30:00-05:00,6.159999847412109,6.2104997634887695,6.110000133514404,6.159999847412109,194191,0.0,0.0
2023-03-10 09:30:00-05:00,6.179999828338623,6.179999828338623,5.71999979019165,5.75,146095,0.0,0.0
2023-03-10 10:30:00-05:00,5.75,5.769999980926514,5.590000152587891,5.679999828338623,100738,0.0,0.0
2023-03-10 11:30:00-05:00,5.690000057220459,5.690000057220459,5.489999771118164,5.494999885559082,37056,0.0,0.0
2023-03-10 12:30:00-05:00,5.490099906921387,5.5,5.25,5.25,94910,0.0,0.0
2023-03-10 13:30:00-05:00,5.25,5.360000133514404,5.164999961853027,5.230000019073486,123662,0.0,0.0
2023-03-10 14:30:00-05:00,5.21999979019165,5.420000076293945,5.199999809265137,5.340000152587891,127011,0.0,0.0
2023-03-10 15:30:00-05:00,5.349999904632568,5.409999847412109,5.300000190734863,5.309999942779541,198926,0.0,0.0
2023-03-13 09:30:00-04:00,5.659999847412109,6.150000095367432,5.630000114440918,6.018099784851074,265946,0.0,0.0
2023-03-13 10:30:00-04:00,6.005000114440918,6.050000190734863,5.940000057220459,6.039999961853027,101223,0.0,0.0
2023-03-13 11:30:00-04:00,6.034999847412109,6.085000038146973,5.849999904632568,5.860000133514404,75983,0.0,0.0
2023-03-13 12:30:00-04:00,5.864999771118164,5.900000095367432,5.829999923706055,5.849999904632568,53224,0.0,0.0
2023-03-13 13:30:00-04:00,5.849999904632568,5.940000057220459,5.835000038146973,5.920000076293945,34772,0.0,0.0
2023-03-13 14:30:00-04:00,5.929999828338623,6.054999828338623,5.929999828338623,5.989999771118164,79322,0.0,0.0
2023-03-13 15:30:00-04:00,5.994999885559082,6.03000020980835,5.840000152587891,5.880000114440918,246618,0.0,0.0
2023-03-14 09:30:00-04:00,6.050000190734863,6.195000171661377,5.880000114440918,6.0,188783,0.0,0.0
2023-03-14 10:30:00-04:00,5.994999885559082,6.010000228881836,5.90500020980835,5.960000038146973,45344,0.0,0.0
2023-03-14 11:30:00-04:00,5.949999809265137,5.96999979019165,5.860000133514404,5.96999979019165,36098,0.0,0.0
2023-03-14 12:30:00-04:00,5.980000019073486,6.199999809265137,5.980000019073486,6.070000171661377,136747,0.0,0.0
2023-03-14 13:30:00-04:00,6.059999942779541,6.150000095367432,6.019999980926514,6.139999866485596,68262,0.0,0.0
2023-03-14 14:30:00-04:00,6.130000114440918,6.244900226593018,6.099999904632568,6.239500045776367,49463,0.0,0.0
2023-03-14 15:30:00-04:00,6.239999771118164,6.468599796295166,6.239999771118164,6.445000171661377,157839,0.0,0.0
2023-03-15 09:30:00-04:00,6.329999923706055,6.434999942779541,6.130000114440918,6.15500020980835,87229,0.0,0.0
2023-03-15 10:30:00-04:00,6.130000114440918,6.269999980926514,6.059999942779541,6.110000133514404,74434,0.0,0.0
2023-03-15 11:30:00-04:00,6.125,6.289999961853027,6.059999942779541,6.260000228881836,35179,0.0,0.0
2023-03-15 12:30:00-04:00,6.260000228881836,6.28000020980835,6.170000076293945,6.269999980926514,31010,0.0,0.0
2023-03-15 13:30:00-04:00,6.264999866485596,6.440000057220459,6.25,6.400000095367432,42814,0.0,0.0
2023-03-15 14:30:00-04:00,6.409999847412109,6.460000038146973,6.269999980926514,6.315000057220459,48063,0.0,0.0
2023-03-15 15:30:00-04:00,6.315000057220459,6.360000133514404,6.239999771118164,6.340000152587891,122109,0.0,0.0
2023-03-16 09:30:00-04:00,6.849999904632568,7.489999771118164,6.289999961853027,7.269899845123291,630776,0.0,0.0
2023-03-16 10:30:00-04:00,7.260000228881836,7.369999885559082,6.949999809265137,6.980000019073486,448173,0.0,0.0
2023-03-16 11:30:00-04:00,6.980000019073486,7.202899932861328,6.800000190734863,6.940000057220459,199705,0.0,0.0
2023-03-16 12:30:00-04:00,6.953999996185303,7.099999904632568,6.900000095367432,6.98330020904541,110501,0.0,0.0
2023-03-16 13:30:00-04:00,6.974999904632568,7.079999923706055,6.949999809265137,7.0,166306,0.0,0.0
2023-03-16 14:30:00-04:00,7.0,7.079999923706055,6.900000095367432,7.010000228881836,160663,0.0,0.0
2023-03-16 15:30:00-04:00,7.010000228881836,7.03000020980835,6.900000095367432,6.989999771118164,212512,0.0,0.0
2023-03-17 09:30:00-04:00,6.349999904632568,6.829999923706055,5.889999866485596,6.550000190734863,320836,0.0,0.0
2023-03-17 10:30:00-04:00,6.570000171661377,6.71999979019165,6.360000133514404,6.420000076293945,88069,0.0,0.0
2023-03-17 11:30:00-04:00,6.425000190734863,6.590000152587891,6.300000190734863,6.590000152587891,90850,0.0,0.0
2023-03-17 12:30:00-04:00,6.579999923706055,6.639999866485596,6.440000057220459,6.639999866485596,134870,0.0,0.0
2023-03-17 13:30:00-04:00,6.639999866485596,6.684999942779541,6.599999904632568,6.670000076293945,46356,0.0,0.0
2023-03-17 14:30:00-04:00,6.670000076293945,6.699999809265137,6.570000171661377,6.639999866485596,57831,0.0,0.0
2023-03-17 15:30:00-04:00,6.630000114440918,6.710000038146973,6.605000019073486,6.650000095367432,113616,0.0,0.0
2023-03-20 09:30:00-04:00,6.800000190734863,6.989999771118164,6.579999923706055,6.809999942779541,108076,0.0,0.0
2023-03-20 10:30:00-04:00,6.800000190734863,6.8018999099731445,6.65500020980835,6.739999771118164,91001,0.0,0.0
2023-03-20 11:30:00-04:00,6.744999885559082,6.744999885559082,6.570000171661377,6.639999866485596,44518,0.0,0.0
2023-03-20 12:30:00-04:00,6.650000095367432,6.690000057220459,6.639999866485596,6.659999847412109,33670,0.0,0.0
2023-03-20 13:30:00-04:00,6.659999847412109,6.664999961853027,6.579999923706055,6.635000228881836,76183,0.0,0.0
2023-03-20 14:30:00-04:00,6.639999866485596,6.800000190734863,6.614999771118164,6.690000057220459,82467,0.0,0.0
2023-03-20 15:30:00-04:00,6.690000057220459,6.760000228881836,6.670000076293945,6.690000057220459,117278,0.0,0.0
2023-03-21 09:30:00-04:00,6.869999885559082,7.360000133514404,6.800000190734863,7.260000228881836,256742,0.0,0.0
2023-03-21 10:30:00-04:00,7.230000019073486,7.300000190734863,7.03000020980835,7.139999866485596,100687,0.0,0.0
2023-03-21 11:30:00-04:00,7.130000114440918,7.239999771118164,7.070000171661377,7.204999923706055,72125,0.0,0.0
2023-03-21 12:30:00-04:00,7.199999809265137,7.210000038146973,7.119999885559082,7.159999847412109,33758,0.0,0.0
2023-03-21 13:30:00-04:00,7.15500020980835,7.190000057220459,7.037499904632568,7.110000133514404,72319,0.0,0.0
2023-03-21 14:30:00-04:00,7.110000133514404,7.224999904632568,7.090000152587891,7.179999828338623,57841,0.0,0.0
2023-03-21 15:30:00-04:00,7.179999828338623,7.210000038146973,7.079999923706055,7.110000133514404,134535,0.0,0.0
2023-03-22 09:30:00-04:00,7.159999847412109,7.159999847412109,6.920000076293945,7.0,35906,0.0,0.0
2023-03-22 10:30:00-04:00,6.980000019073486,7.019999980926514,6.900000095367432,7.014999866485596,33627,0.0,0.0
2023-03-22 11:30:00-04:00,7.010000228881836,7.119999885559082,7.010000228881836,7.119999885559082,24855,0.0,0.0
2023-03-22 12:30:00-04:00,7.110000133514404,7.132699966430664,7.019999980926514,7.090000152587891,93779,0.0,0.0
2023-03-22 13:30:00-04:00,7.099999904632568,7.148900032043457,7.050000190734863,7.090000152587891,65911,0.0,0.0
2023-03-22 14:30:00-04:00,7.079999923706055,7.079999923706055,6.85260009765625,6.889999866485596,152484,0.0,0.0
2023-03-22 15:30:00-04:00,6.894999980926514,6.894999980926514,6.71999979019165,6.71999979019165,149470,0.0,0.0
2023-03-23 09:30:00-04:00,7.150000095367432,7.400000095367432,7.0,7.139999866485596,128015,0.0,0.0
2023-03-23 10:30:00-04:00,7.119999885559082,7.190000057220459,7.088900089263916,7.119999885559082,55755,0.0,0.0
2023-03-23 11:30:00-04:00,7.119999885559082,7.149899959564209,6.789999961853027,6.809999942779541,70717,0.0,0.0
2023-03-23 12:30:00-04:00,6.809999942779541,6.949999809265137,6.7210001945495605,6.903600215911865,118470,0.0,0.0
2023-03-23 13:30:00-04:00,6.909999847412109,6.980000019073486,6.860000133514404,6.860000133514404,63229,0.0,0.0
2023-03-23 14:30:00-04:00,6.860000133514404,6.980000019073486,6.800000190734863,6.909999847412109,168951,0.0,0.0
2023-03-23 15:30:00-04:00,6.900000095367432,6.974999904632568,6.889999866485596,6.96999979019165,73964,0.0,0.0
2023-03-24 09:30:00-04:00,6.880000114440918,6.981599807739258,6.75,6.804999828338623,32161,0.0,0.0
2023-03-24 10:30:00-04:00,6.789999961853027,6.829999923706055,6.751200199127197,6.769999980926514,28056,0.0,0.0
2023-03-24 11:30:00-04:00,6.764999866485596,6.866399765014648,6.75,6.820000171661377,47659,0.0,0.0
2023-03-24 12:30:00-04:00,6.829999923706055,6.928999900817871,6.829999923706055,6.90500020980835,34921,0.0,0.0
2023-03-24 13:30:00-04:00,6.909999847412109,6.909999847412109,6.840000152587891,6.860000133514404,13877,0.0,0.0
2023-03-24 14:30:00-04:00,6.869999885559082,6.889999866485596,6.804999828338623,6.809999942779541,35527,0.0,0.0
2023-03-24 15:30:00-04:00,6.800000190734863,6.820000171661377,6.650000095367432,6.679999828338623,75197,0.0,0.0
2023-03-27 09:30:00-04:00,6.679999828338623,6.803400039672852,6.550000190734863,6.650000095367432,37549,0.0,0.0
2023-03-27 10:30:00-04:00,6.639999866485596,6.71999979019165,6.639999866485596,6.71999979019165,21033,0.0,0.0
2023-03-27 11:30:00-04:00,6.715000152587891,6.764999866485596,6.690000057220459,6.75,35947,0.0,0.0
2023-03-27 12:30:00-04:00,6.744999885559082,6.744999885559082,6.630000114440918,6.630000114440918,33840,0.0,0.0
2023-03-27 13:30:00-04:00,6.630000114440918,6.659999847412109,6.590000152587891,6.659999847412109,25710,0.0,0.0
2023-03-27 14:30:00-04:00,6.659999847412109,6.699999809265137,6.659999847412109,6.699999809265137,40219,0.0,0.0
2023-03-27 15:30:00-04:00,6.699999809265137,6.78000020980835,6.684999942779541,6.75,403944,0.0,0.0
2023-03-28 09:30:00-04:00,6.760000228881836,6.849999904632568,6.699999809265137,6.699999809265137,32067,0.0,0.0
2023-03-28 10:30:00-04:00,6.709199905395508,6.909999847412109,6.699999809265137,6.880000114440918,30396,0.0,0.0
2023-03-28 11:30:00-04:00,6.889999866485596,6.909999847412109,6.820000171661377,6.909999847412109,24454,0.0,0.0
2023-03-28 12:30:00-04:00,6.900000095367432,6.934999942779541,6.820000171661377,6.829999923706055,20708,0.0,0.0
2023-03-28 13:30:00-04:00,6.829999923706055,6.829999923706055,6.769999980926514,6.789999961853027,25024,0.0,0.0
2023-03-28 14:30:00-04:00,6.78000020980835,6.789999961853027,6.610000133514404,6.610000133514404,49096,0.0,0.0
2023-03-28 15:30:00-04:00,6.610000133514404,6.710000038146973,6.610000133514404,6.650000095367432,77037,0.0,0.0
2023-03-29 09:30:00-04:00,6.75,7.0,6.559999942779541,6.914999961853027,55452,0.0,0.0
2023-03-29 10:30:00-04:00,6.920000076293945,7.070000171661377,6.912499904632568,6.989999771118164,58223,0.0,0.0
2023-03-29 11:30:00-04:00,6.980999946594238,7.019999980926514,6.965000152587891,6.980000019073486,17908,0.0,0.0
2023-03-29 12:30:00-04:00,6.980000019073486,7.199999809265137,6.980000019073486,7.139999866485596,64480,0.0,0.0
2023-03-29 13:30:00-04:00,7.1346001625061035,7.179999828338623,7.050000190734863,7.175000190734863,66646,0.0,0.0
2023-03-29 14:30:00-04:00,7.170000076293945,7.248000144958496,7.139999866485596,7.239999771118164,44252,0.0,0.0
2023-03-29 15:30:00-04:00,7.235000133514404,7.269999980926514,7.179999828338623,7.25,63382,0.0,0.0
2023-03-30 09:30:00-04:00,7.269999980926514,7.329999923706055,7.070000171661377,7.1468000411987305,50713,0.0,0.0
2023-03-30 10:30:00-04:00,7.150000095367432,7.150000095367432,7.020100116729736,7.03000020980835,24927,0.0,0.0
2023-03-30 11:30:00-04:00,7.025000095367432,7.045000076293945,6.880000114440918,6.900000095367432,40680,0.0,0.0
2023-03-30 12:30:00-04:00,6.900000095367432,6.940000057220459,6.864999771118164,6.929999828338623,34334,0.0,0.0
2023-03-30 13:30:00-04:00,6.925000190734863,7.130000114440918,6.909999847412109,7.119999885559082,38663,0.0,0.0
2023-03-30 14:30:00-04:00,7.130000114440918,7.130000114440918,7.059999942779541,7.110000133514404,61934,0.0,0.0
2023-03-30 15:30:00-04:00,7.119999885559082,7.159999847412109,7.090000152587891,7.119999885559082,104320,0.0,0.0
2023-03-31 09:30:00-04:00,7.139999866485596,7.260000228881836,7.079999923706055,7.15500020980835,37505,0.0,0.0
2023-03-31 10:30:00-04:00,7.15500020980835,7.21999979019165,6.989999771118164,7.179999828338623,48274,0.0,0.0
2023-03-31 11:30:00-04:00,7.170000076293945,7.179999828338623,7.130000114440918,7.170000076293945,20133,0.0,0.0
2023-03-31 12:30:00-04:00,7.170000076293945,7.199999809265137,7.159999847412109,7.159999847412109,15358,0.0,0.0
2023-03-31 13:30:00-04:00,7.139999866485596,7.21999979019165,7.110000133514404,7.159999847412109,25236,0.0,0.0
2023-03-31 14:30:00-04:00,7.164899826049805,7.199999809265137,7.139999866485596,7.184999942779541,34714,0.0,0.0
2023-03-31 15:30:00-04:00,7.184999942779541,7.190000057220459,7.110000133514404,7.15500020980835,85896,0.0,0.0
2023-04-03 09:30:00-04:00,7.139999866485596,7.699999809265137,7.139999866485596,7.699999809265137,120814,0.0,0.0
2023-04-03 10:30:00-04:00,7.710000038146973,7.711599826812744,7.440000057220459,7.449999809265137,82052,0.0,0.0
2023-04-03 11:30:00-04:00,7.440700054168701,7.5,7.425000190734863,7.5,41423,0.0,0.0
2023-04-03 12:30:00-04:00,7.489999771118164,7.519999980926514,7.340000152587891,7.519999980926514,60649,0.0,0.0
2023-04-03 13:30:00-04:00,7.510000228881836,7.525000095367432,7.434999942779541,7.449999809265137,46429,0.0,0.0
2023-04-03 14:30:00-04:00,7.452499866485596,7.539999961853027,7.340000152587891,7.510000228881836,64066,0.0,0.0
2023-04-03 15:30:00-04:00,7.519999980926514,7.570000171661377,7.409999847412109,7.545000076293945,126857,0.0,0.0
2023-04-04 09:30:00-04:00,7.539999961853027,7.690000057220459,7.349999904632568,7.53000020980835,75576,0.0,0.0
2023-04-04 10:30:00-04:00,7.53000020980835,7.559999942779541,7.369999885559082,7.454999923706055,29510,0.0,0.0
2023-04-04 11:30:00-04:00,7.4456000328063965,7.511899948120117,7.420000076293945,7.480000019073486,22594,0.0,0.0
2023-04-04 12:30:00-04:00,7.489999771118164,7.5,7.440000057220459,7.480000019073486,21855,0.0,0.0
2023-04-04 13:30:00-04:00,7.480000019073486,7.519999980926514,7.445000171661377,7.454999923706055,27181,0.0,0.0
2023-04-04 14:30:00-04:00,7.449999809265137,7.449999809265137,7.355000019073486,7.409999847412109,26602,0.0,0.0
2023-04-04 15:30:00-04:00,7.400000095367432,7.449999809265137,7.400000095367432,7.445000171661377,57471,0.0,0.0
2023-04-05 09:30:00-04:00,7.429999828338623,7.639999866485596,7.369999885559082,7.385000228881836,88512,0.0,0.0
2023-04-05 10:30:00-04:00,7.380000114440918,7.510000228881836,7.25,7.480000019073486,139466,0.0,0.0
2023-04-05 11:30:00-04:00,7.480000019073486,7.525000095367432,7.480000019073486,7.5,23785,0.0,0.0
2023-04-05 12:30:00-04:00,7.505000114440918,7.539999961853027,7.489999771118164,7.525000095367432,46728,0.0,0.0
2023-04-05 13:30:00-04:00,7.519999980926514,7.525000095367432,7.453999996185303,7.46999979019165,24943,0.0,0.0
2023-04-05 14:30:00-04:00,7.46999979019165,7.46999979019165,7.360000133514404,7.389999866485596,30134,0.0,0.0
2023-04-05 15:30:00-04:00,7.400000095367432,7.440000057220459,7.349999904632568,7.360000133514404,77548,0.0,0.0
2023-04-06 09:30:00-04:00,7.380000114440918,7.380000114440918,7.210000038146973,7.260000228881836,25557,0.0,0.0
2023-04-06 10:30:00-04:00,7.260000228881836,7.364999771118164,7.260000228881836,7.329999923706055,15232,0.0,0.0
2023-04-06 11:30:00-04:00,7.329999923706055,7.46999979019165,7.329999923706055,7.400000095367432,14022,0.0,0.0
2023-04-06 12:30:00-04:00,7.400000095367432,7.409999847412109,7.309999942779541,7.320000171661377,24522,0.0,0.0
2023-04-06 13:30:00-04:00,7.300000190734863,7.425000190734863,7.269999980926514,7.309999942779541,59748,0.0,0.0
2023-04-06 14:30:00-04:00,7.320000171661377,7.394999980926514,7.300000190734863,7.380000114440918,28542,0.0,0.0
2023-04-06 15:30:00-04:00,7.375,7.400000095367432,7.315000057220459,7.329999923706055,69040,0.0,0.0
2023-04-10 09:30:00-04:00,7.269999980926514,7.269999980926514,6.760000228881836,6.760000228881836,67559,0.0,0.0
2023-04-10 10:30:00-04:00,6.760000228881836,6.775000095367432,6.644999980926514,6.659999847412109,53471,0.0,0.0
2023-04-10 11:30:00-04:00,6.644999980926514,6.699999809265137,6.599999904632568,6.614999771118164,41822,0.0,0.0
2023-04-10 12:30:00-04:00,6.614999771118164,6.668900012969971,6.612800121307373,6.644999980926514,22143,0.0,0.0
2023-04-10 13:30:00-04:00,6.650000095367432,6.659999847412109,6.480000019073486,6.559999942779541,90458,0.0,0.0
2023-04-10 14:30:00-04:00,6.565000057220459,6.650000095367432,6.562900066375732,6.570000171661377,47548,0.0,0.0
2023-04-10 15:30:00-04:00,6.570000171661377,6.614999771118164,6.5,6.554999828338623,147531,0.0,0.0
2023-04-11 09:30:00-04:00,6.445000171661377,6.659999847412109,6.445000171661377,6.559999942779541,73675,0.0,0.0
2023-04-11 10:30:00-04:00,6.550099849700928,6.554999828338623,6.480000019073486,6.534999847412109,35690,0.0,0.0
2023-04-11 11:30:00-04:00,6.53000020980835,6.53000020980835,6.46999979019165,6.494999885559082,40144,0.0,0.0
2023-04-11 12:30:00-04:00,6.494999885559082,6.5,6.430099964141846,6.434999942779541,33113,0.0,0.0
2023-04-11 13:30:00-04:00,6.429999828338623,6.440000057220459,6.309999942779541,6.315000057220459,58187,0.0,0.0
2023-04-11 14:30:00-04:00,6.315000057220459,6.320000171661377,6.184999942779541,6.239999771118164,159682,0.0,0.0
2023-04-11 15:30:00-04:00,6.25,6.375,6.204999923706055,6.289999961853027,141673,0.0,0.0
2023-04-12 09:30:00-04:00,6.349999904632568,6.452499866485596,6.21999979019165,6.34499979019165,74510,0.0,0.0
2023-04-12 10:30:00-04:00,6.349999904632568,6.355000019073486,6.25,6.340000152587891,38867,0.0,0.0
2023-04-12 11:30:00-04:00,6.340000152587891,6.550000190734863,6.320000171661377,6.489999771118164,101582,0.0,0.0
2023-04-12 12:30:00-04:00,6.489999771118164,6.53000020980835,6.46999979019165,6.510000228881836,25836,0.0,0.0
2023-04-12 13:30:00-04:00,6.519999980926514,6.519999980926514,6.389999866485596,6.389999866485596,53012,0.0,0.0
2023-04-12 14:30:00-04:00,6.385000228881836,6.434999942779541,6.375,6.420000076293945,31070,0.0,0.0
2023-04-12 15:30:00-04:00,6.420000076293945,6.434999942779541,6.360000133514404,6.360000133514404,103073,0.0,0.0
2023-04-13 09:30:00-04:00,6.369999885559082,6.670000076293945,6.369999885559082,6.670000076293945,42115,0.0,0.0
2023-04-13 10:30:00-04:00,6.670000076293945,6.789999961853027,6.670000076293945,6.789999961853027,37373,0.0,0.0
2023-04-13 11:30:00-04:00,6.789999961853027,6.929999828338623,6.789999961853027,6.869999885559082,34484,0.0,0.0
2023-04-13 12:30:00-04:00,6.880000114440918,6.900000095367432,6.829999923706055,6.860000133514404,30472,0.0,0.0
2023-04-13 13:30:00-04:00,6.849999904632568,6.929999828338623,6.789999961853027,6.789999961853027,50140,0.0,0.0
2023-04-13 14:30:00-04:00,6.789999961853027,6.820000171661377,6.75,6.800000190734863,24570,0.0,0.0
2023-04-13 15:30:00-04:00,6.789999961853027,6.820000171661377,6.78000020980835,6.809999942779541,38282,0.0,0.0
2023-04-14 09:30:00-04:00,6.769999980926514,6.900000095367432,6.630000114440918,6.679900169372559,31671,0.0,0.0
2023-04-14 10:30:00-04:00,6.679999828338623,6.684999942779541,6.579999923706055,6.590000152587891,28175,0.0,0.0
2023-04-14 11:30:00-04:00,6.590000152587891,6.630000114440918,6.559999942779541,6.570000171661377,14480,0.0,0.0
2023-04-14 12:30:00-04:00,6.579999923706055,6.605000019073486,6.550000190734863,6.570000171661377,22651,0.0,0.0
2023-04-14 13:30:00-04:00,6.570000171661377,6.639999866485596,6.531000137329102,6.531000137329102,29030,0.0,0.0
2023-04-14 14:30:00-04:00,6.534999847412109,6.550000190734863,6.505000114440918,6.539999961853027,15941,0.0,0.0
2023-04-14 15:30:00-04:00,6.539999961853027,6.545000076293945,6.46999979019165,6.489999771118164,62342,0.0,0.0
2023-04-17 09:30:00-04:00,6.579999923706055,7.099999904632568,6.570000171661377,7.045000076293945,90954,0.0,0.0
2023-04-17 10:30:00-04:00,7.050000190734863,7.149899959564209,7.050000190734863,7.079999923706055,74437,0.0,0.0
2023-04-17 11:30:00-04:00,7.059999942779541,7.059999942779541,6.860000133514404,6.900000095367432,47335,0.0,0.0
2023-04-17 12:30:00-04:00,6.929999828338623,6.929999828338623,6.829999923706055,6.860000133514404,59510,0.0,0.0
2023-04-17 13:30:00-04:00,6.860000133514404,6.869999885559082,6.78000020980835,6.809999942779541,35967,0.0,0.0
2023-04-17 14:30:00-04:00,6.789999961853027,6.940000057220459,6.789999961853027,6.8694000244140625,35187,0.0,0.0
2023-04-17 15:30:00-04:00,6.840000152587891,6.869999885559082,6.809999942779541,6.829999923706055,59417,0.0,0.0
2023-04-18 09:30:00-04:00,6.860000133514404,6.920000076293945,6.559999942779541,6.579999923706055,70548,0.0,0.0
2023-04-18 10:30:00-04:00,6.590000152587891,6.730000019073486,6.579999923706055,6.710000038146973,30342,0.0,0.0
2023-04-18 11:30:00-04:00,6.710000038146973,6.730000019073486,6.690000057220459,6.730000019073486,15618,0.0,0.0
2023-04-18 12:30:00-04:00,6.730000019073486,6.800000190734863,6.670000076293945,6.690000057220459,27874,0.0,0.0
2023-04-18 13:30:00-04:00,6.699999809265137,6.735000133514404,6.690000057220459,6.71999979019165,18203,0.0,0.0
2023-04-18 14:30:00-04:00,6.71999979019165,6.739999771118164,6.695000171661377,6.735000133514404,19703,0.0,0.0
2023-04-18 15:30:00-04:00,6.730000019073486,6.769999980926514,6.71999979019165,6.744999885559082,35683,0.0,0.0
2023-04-19 09:30:00-04:00,6.679999828338623,6.880000114440918,6.599999904632568,6.820000171661377,34731,0.0,0.0
2023-04-19 10:30:00-04:00,6.824999809265137,6.954999923706055,6.804999828338623,6.809999942779541,38764,0.0,0.0
2023-04-19 11:30:00-04:00,6.809999942779541,6.849999904632568,6.75,6.849999904632568,88830,0.0,0.0
2023-04-19 12:30:00-04:00,6.860000133514404,6.909999847412109,6.849999904632568,6.880000114440918,18617,0.0,0.0
2023-04-19 13:30:00-04:00,6.880000114440918,6.914999961853027,6.869999885559082,6.894999980926514,29380,0.0,0.0
2023-04-19 14:30:00-04:00,6.894999980926514,6.909999847412109,6.850599765777588,6.869999885559082,24034,0.0,0.0
2023-04-19 15:30:00-04:00,6.869999885559082,6.869999885559082,6.809999942779541,6.820000171661377,102150,0.0,0.0
2023-04-20 09:30:00-04:00,6.800000190734863,7.019999980926514,6.78000020980835,6.980000019073486,52305,0.0,0.0
2023-04-20 10:30:00-04:00,6.989999771118164,7.050000190734863,6.829999923706055,6.855000019073486,41834,0.0,0.0
2023-04-20 11:30:00-04:00,6.860000133514404,6.900000095367432,6.800000190734863,6.849999904632568,32384,0.0,0.0
2023-04-20 12:30:00-04:00,6.849999904632568,6.889999866485596,6.840000152587891,6.876100063323975,15082,0.0,0.0
2023-04-20 13:30:00-04:00,6.880000114440918,6.889999866485596,6.760000228881836,6.760000228881836,32803,0.0,0.0
2023-04-20 14:30:00-04:00,6.760000228881836,6.894999980926514,6.760000228881836,6.849999904632568,103884,0.0,0.0
2023-04-20 15:30:00-04:00,6.840000152587891,6.909999847412109,6.789999961853027,6.869999885559082,52808,0.0,0.0
2023-04-21 09:30:00-04:00,6.840000152587891,7.059999942779541,6.639999866485596,6.920000076293945,41839,0.0,0.0
2023-04-21 10:30:00-04:00,6.929999828338623,6.96999979019165,6.880000114440918,6.929999828338623,30824,0.0,0.0
2023-04-21 11:30:00-04:00,6.935800075531006,6.979899883270264,6.900000095367432,6.979899883270264,14274,0.0,0.0
2023-04-21 12:30:00-04:00,6.974999904632568,7.050000190734863,6.96999979019165,6.990600109100342,18788,0.0,0.0
2023-04-21 13:30:00-04:00,6.989999771118164,7.0,6.920000076293945,6.985000133514404,17439,0.0,0.0
2023-04-21 14:30:00-04:00,6.980000019073486,7.010000228881836,6.909999847412109,6.925000190734863,22953,0.0,0.0
2023-04-21 15:30:00-04:00,6.925000190734863,6.980000019073486,6.925000190734863,6.949999809265137,38656,0.0,0.0
2023-04-24 09:30:00-04:00,6.920000076293945,6.929999828338623,6.550000190734863,6.690000057220459,140825,0.0,0.0
2023-04-24 10:30:00-04:00,6.690000057220459,6.699999809265137,6.550000190734863,6.639999866485596,43865,0.0,0.0
2023-04-24 11:30:00-04:00,6.659999847412109,6.670000076293945,6.614999771118164,6.659999847412109,18694,0.0,0.0
2023-04-24 12:30:00-04:00,6.659999847412109,6.690000057220459,6.619999885559082,6.690000057220459,16029,0.0,0.0
2023-04-24 13:30:00-04:00,6.674499988555908,6.739999771118164,6.674499988555908,6.730000019073486,3800,0.0,0.0
2023-04-24 14:30:00-04:00,6.730000019073486,6.730000019073486,6.659999847412109,6.659999847412109,15917,0.0,0.0
2023-04-24 15:30:00-04:00,6.659999847412109,6.71999979019165,6.630000114440918,6.704999923706055,53271,0.0,0.0
2023-04-25 09:30:00-04:00,6.699999809265137,7.010000228881836,6.699999809265137,6.860000133514404,41922,0.0,0.0
2023-04-25 10:30:00-04:00,6.840000152587891,6.860000133514404,6.760000228881836,6.820000171661377,30927,0.0,0.0
2023-04-25 11:30:00-04:00,6.809999942779541,6.809999942779541,6.650000095367432,6.684999942779541,30006,0.0,0.0
2023-04-25 12:30:00-04:00,6.679999828338623,6.699999809265137,6.630000114440918,6.65500020980835,23437,0.0,0.0
2023-04-25 13:30:00-04:00,6.650000095367432,6.71999979019165,6.619999885559082,6.670000076293945,24044,0.0,0.0
2023-04-25 14:30:00-04:00,6.670000076293945,6.690000057220459,6.635000228881836,6.644999980926514,31115,0.0,0.0
2023-04-25 15:30:00-04:00,6.644999980926514,6.699999809265137,6.630000114440918,6.644999980926514,96759,0.0,0.0
2023-04-26 09:30:00-04:00,6.650000095367432,6.739999771118164,6.550000190734863,6.614999771118164,36430,0.0,0.0
2023-04-26 10:30:00-04:00,6.630000114440918,6.679999828338623,6.579999923706055,6.679999828338623,40945,0.0,0.0
2023-04-26 11:30:00-04:00,6.670000076293945,6.769999980926514,6.659999847412109,6.769999980926514,31928,0.0,0.0
2023-04-26 12:30:00-04:00,6.769999980926514,6.769999980926514,6.695799827575684,6.710000038146973,31246,0.0,0.0
2023-04-26 13:30:00-04:00,6.704999923706055,6.769999980926514,6.699999809265137,6.769999980926514,23898,0.0,0.0
2023-04-26 14:30:00-04:00,6.769999980926514,6.809999942779541,6.750100135803223,6.800000190734863,34398,0.0,0.0
2023-04-26 15:30:00-04:00,6.789999961853027,6.860000133514404,6.769999980926514,6.809999942779541,92680,0.0,0.0
2023-04-27 09:30:00-04:00,6.940000057220459,7.0,6.829999923706055,6.96999979019165,50239,0.0,0.0
2023-04-27 10:30:00-04:00,6.980000019073486,7.099999904632568,6.960100173950195,7.085000038146973,34139,0.0,0.0
2023-04-27 11:30:00-04:00,7.099999904632568,7.130000114440918,6.989999771118164,7.019999980926514,31288,0.0,0.0
2023-04-27 12:30:00-04:00,7.019999980926514,7.085000038146973,6.940000057220459,7.079999923706055,31328,0.0,0.0
2023-04-27 13:30:00-04:00,7.088099956512451,7.179999828338623,7.070000171661377,7.164999961853027,48294,0.0,0.0
2023-04-27 14:30:00-04:00,7.164599895477295,7.164999961853027,7.059999942779541,7.079999923706055,36850,0.0,0.0
2023-04-27 15:30:00-04:00,7.090000152587891,7.099999904632568,7.01200008392334,7.019999980926514,70817,0.0,0.0
2023-04-28 09:30:00-04:00,7.099999904632568,7.099999904632568,6.840000152587891,6.90500020980835,46841,0.0,0.0
2023-04-28 10:30:00-04:00,6.920000076293945,6.96999979019165,6.809999942779541,6.900000095367432,41793,0.0,0.0
2023-04-28 11:30:00-04:00,6.909999847412109,6.954999923706055,6.885000228881836,6.920000076293945,20421,0.0,0.0
2023-04-28 12:30:00-04:00,6.919899940490723,7.054999828338623,6.919899940490723,7.039999961853027,29037,0.0,0.0
2023-04-28 13:30:00-04:00,7.039999961853027,7.039999961853027,6.900000095367432,6.900000095367432,24335,0.0,0.0
2023-04-28 14:30:00-04:00,6.909999847412109,6.960000038146973,6.869999885559082,6.880000114440918,32509,0.0,0.0
2023-04-28 15:30:00-04:00,6.880000114440918,6.929999828338623,6.800000190734863,6.880000114440918,92433,0.0,0.0
2023-05-01 09:30:00-04:00,6.940000057220459,7.300000190734863,6.909999847412109,7.28000020980835,139813,0.0,0.0
2023-05-01 10:30:00-04:00,7.289999961853027,7.389999866485596,7.230000019073486,7.349999904632568,92106,0.0,0.0
2023-05-01 11:30:00-04:00,7.34499979019165,7.539999961853027,7.320000171661377,7.53000020980835,48382,0.0,0.0
2023-05-01 12:30:00-04:00,7.539999961853027,7.539999961853027,7.28000020980835,7.309999942779541,40579,0.0,0.0
2023-05-01 13:30:00-04:00,7.319900035858154,7.320000171661377,7.159999847412109,7.214900016784668,44981,0.0,0.0
2023-05-01 14:30:00-04:00,7.199999809265137,7.340000152587891,7.175000190734863,7.309999942779541,38388,0.0,0.0
2023-05-01 15:30:00-04:00,7.320000171661377,7.420000076293945,7.300000190734863,7.400000095367432,38984,0.0,0.0
2023-05-02 09:30:00-04:00,7.289999961853027,7.46999979019165,6.800000190734863,6.849999904632568,108199,0.0,0.0
2023-05-02 10:30:00-04:00,6.849999904632568,6.919899940490723,6.75,6.769999980926514,79263,0.0,0.0
2023-05-02 11:30:00-04:00,6.75,6.820000171661377,6.670000076293945,6.760000228881836,55688,0.0,0.0
2023-05-02 12:30:00-04:00,6.769999980926514,6.820000171661377,6.739999771118164,6.820000171661377,22641,0.0,0.0
2023-05-02 13:30:00-04:00,6.820000171661377,6.860000133514404,6.78000020980835,6.809999942779541,44247,0.0,0.0
2023-05-02 14:30:00-04:00,6.809999942779541,6.909999847412109,6.800000190734863,6.809999942779541,45783,0.0,0.0
2023-05-02 15:30:00-04:00,6.810699939727783,6.880000114440918,6.789999961853027,6.809999942779541,52386,0.0,0.0
2023-05-03 09:30:00-04:00,6.769999980926514,7.0,6.710000038146973,6.955599784851074,68381,0.0,0.0
2023-05-03 10:30:00-04:00,6.940000057220459,7.019999980926514,6.929999828338623,6.960000038146973,27364,0.0,0.0
2023-05-03 11:30:00-04:00,6.960000038146973,6.960000038146973,6.739999771118164,6.849999904632568,53346,0.0,0.0
2023-05-03 12:30:00-04:00,6.849999904632568,6.920000076293945,6.820000171661377,6.889999866485596,26123,0.0,0.0
2023-05-03 13:30:00-04:00,6.889999866485596,6.960299968719482,6.840000152587891,6.914999961853027,37738,0.0,0.0
2023-05-03 14:30:00-04:00,6.914999961853027,6.96999979019165,6.820000171661377,6.829999923706055,42087,0.0,0.0
2023-05-03 15:30:00-04:00,6.829999923706055,6.920000076293945,6.820000171661377,6.8983001708984375,74493,0.0,0.0
2023-05-04 09:30:00-04:00,6.869999885559082,6.889999866485596,6.53000020980835,6.704999923706055,74563,0.0,0.0
2023-05-04 10:30:00-04:00,6.690000057220459,6.826399803161621,6.64709997177124,6.78000020980835,28412,0.0,0.0
2023-05-04 11:30:00-04:00,6.78000020980835,6.820000171661377,6.71999979019165,6.809999942779541,26790,0.0,0.0
2023-05-04 12:30:00-04:00,6.820000171661377,6.900000095367432,6.75,6.880000114440918,27965,0.0,0.0
2023-05-04 13:30:00-04:00,6.900000095367432,7.03000020980835,6.889999866485596,7.0,15376,0.0,0.0
2023-05-04 14:30:00-04:00,7.0,7.059999942779541,6.989999771118164,7.059999942779541,12897,0.0,0.0
2023-05-04 15:30:00-04:00,7.054999828338623,7.159999847412109,7.039999961853027,7.135000228881836,45626,0.0,0.0
2023-05-05 09:30:00-04:00,7.179999828338623,7.300000190734863,6.889999866485596,6.925000190734863,72680,0.0,0.0
2023-05-05 10:30:00-04:00,6.925000190734863,7.119999885559082,6.925000190734863,7.119999885559082,29307,0.0,0.0
2023-05-05 11:30:00-04:00,7.119999885559082,7.21999979019165,7.099999904632568,7.139999866485596,18423,0.0,0.0
2023-05-05 12:30:00-04:00,7.139999866485596,7.190000057220459,7.0971999168396,7.0971999168396,17921,0.0,0.0
2023-05-05 13:30:00-04:00,7.110000133514404,7.190000057220459,7.110000133514404,7.144999980926514,15121,0.0,0.0
2023-05-05 14:30:00-04:00,7.144999980926514,7.210000038146973,7.130000114440918,7.175000190734863,15531,0.0,0.0
2023-05-05 15:30:00-04:00,7.170000076293945,7.179999828338623,7.079999923706055,7.105000019073486,56477,0.0,0.0
2023-05-08 09:30:00-04:00,7.179999828338623,7.179999828338623,6.914000034332275,7.0,36343,0.0,0.0
2023-05-08 10:30:00-04:00,7.039999961853027,7.045000076293945,6.949999809265137,7.010000228881836,34095,0.0,0.0
2023-05-08 11:30:00-04:00,7.019999980926514,7.050000190734863,6.925000190734863,7.019999980926514,50365,0.0,0.0
2023-05-08 12:30:00-04:00,7.039999961853027,7.079999923706055,7.03000020980835,7.079999923706055,13567,0.0,0.0
2023-05-08 13:30:00-04:00,7.079999923706055,7.159999847412109,7.070000171661377,7.119999885559082,39481,0.0,0.0
2023-05-08 14:30:00-04:00,7.130000114440918,7.150000095367432,7.090000152587891,7.139999866485596,51347,0.0,0.0
2023-05-08 15:30:00-04:00,7.119999885559082,7.269999980926514,7.119999885559082,7.260000228881836,51997,0.0,0.0
2023-05-09 09:30:00-04:00,7.130000114440918,7.230000019073486,6.949999809265137,7.039999961853027,29341,0.0,0.0
2023-05-09 10:30:00-04:00,7.050000190734863,7.159999847412109,7.019999980926514,7.139999866485596,23194,0.0,0.0
2023-05-09 11:30:00-04:00,7.119999885559082,7.199999809265137,7.119999885559082,7.150000095367432,14752,0.0,0.0
2023-05-09 12:30:00-04:00,7.159999847412109,7.28000020980835,7.151000022888184,7.26200008392334,19673,0.0,0.0
2023-05-09 13:30:00-04:00,7.269999980926514,7.349999904632568,7.269999980926514,7.329999923706055,26718,0.0,0.0
2023-05-09 14:30:00-04:00,7.329999923706055,7.329999923706055,7.179999828338623,7.190000057220459,41649,0.0,0.0
2023-05-09 15:30:00-04:00,7.190000057220459,7.21999979019165,7.099999904632568,7.175000190734863,105003,0.0,0.0
2023-05-10 09:30:00-04:00,6.869999885559082,7.900000095367432,6.869999885559082,7.429999828338623,204206,0.0,0.0
2023-05-10 10:30:00-04:00,7.429999828338623,7.429999828338623,7.060100078582764,7.380000114440918,62758,0.0,0.0
2023-05-10 11:30:00-04:00,7.400000095367432,7.440100193023682,7.050000190734863,7.090000152587891,65915,0.0,0.0
2023-05-10 12:30:00-04:00,7.090000152587891,7.230000019073486,7.054999828338623,7.079999923706055,49895,0.0,0.0
2023-05-10 13:30:00-04:00,7.090000152587891,7.224999904632568,7.010000228881836,7.199999809265137,60630,0.0,0.0
2023-05-10 14:30:00-04:00,7.229899883270264,7.300000190734863,7.199999809265137,7.230000019073486,65468,0.0,0.0
2023-05-10 15:30:00-04:00,7.244999885559082,7.275000095367432,7.130000114440918,7.210000038146973,116801,0.0,0.0
2023-05-11 09:30:00-04:00,7.28000020980835,7.360000133514404,6.869999885559082,6.920000076293945,81003,0.0,0.0
2023-05-11 10:30:00-04:00,6.920000076293945,6.989999771118164,6.860000133514404,6.880000114440918,46190,0.0,0.0
2023-05-11 11:30:00-04:00,6.869999885559082,6.909999847412109,6.800000190734863,6.860000133514404,31397,0.0,0.0
2023-05-11 12:30:00-04:00,6.860000133514404,7.010000228881836,6.860000133514404,6.940000057220459,21673,0.0,0.0
2023-05-11 13:30:00-04:00,6.958000183105469,6.958000183105469,6.849999904632568,6.860000133514404,28458,0.0,0.0
2023-05-11 14:30:00-04:00,6.880000114440918,6.914999961853027,6.849999904632568,6.860000133514404,27484,0.0,0.0
2023-05-11 15:30:00-04:00,6.849999904632568,6.920000076293945,6.789999961853027,6.889999866485596,168555,0.0,0.0
2023-05-12 09:30:00-04:00,6.829999923706055,6.980000019073486,6.599999904632568,6.639999866485596,72920,0.0,0.0
2023-05-12 10:30:00-04:00,6.639999866485596,6.665200233459473,6.579999923706055,6.590000152587891,23431,0.0,0.0
2023-05-12 11:30:00-04:00,6.590000152587891,6.610000133514404,6.489999771118164,6.53000020980835,51209,0.0,0.0
2023-05-12 12:30:00-04:00,6.539999961853027,6.670000076293945,6.5,6.650000095367432,37451,0.0,0.0
2023-05-12 13:30:00-04:00,6.630000114440918,6.699999809265137,6.599999904632568,6.639999866485596,30320,0.0,0.0
2023-05-12 14:30:00-04:00,6.630000114440918,6.650000095367432,6.559999942779541,6.590000152587891,29899,0.0,0.0
2023-05-12 15:30:00-04:00,6.590000152587891,6.619999885559082,6.559999942779541,6.579999923706055,71090,0.0,0.0
2023-05-15 09:30:00-04:00,6.590000152587891,6.724400043487549,6.400000095367432,6.579999923706055,65606,0.0,0.0
2023-05-15 10:30:00-04:00,6.579999923706055,6.659999847412109,6.570000171661377,6.579999923706055,33872,0.0,0.0
2023-05-15 11:30:00-04:00,6.579999923706055,6.664999961853027,6.570000171661377,6.599999904632568,26496,0.0,0.0
2023-05-15 12:30:00-04:00,6.610000133514404,6.699999809265137,6.574999809265137,6.670000076293945,34527,0.0,0.0
2023-05-15 13:30:00-04:00,6.684999942779541,6.710000038146973,6.630099773406982,6.658999919891357,25368,0.0,0.0
2023-05-15 14:30:00-04:00,6.659299850463867,6.659299850463867,6.519999980926514,6.550000190734863,59295,0.0,0.0
2023-05-15 15:30:00-04:00,6.545000076293945,6.579999923706055,6.519999980926514,6.519999980926514,64226,0.0,0.0
2023-05-16 09:30:00-04:00,6.440000057220459,6.440000057220459,6.139999866485596,6.25,97529,0.0,0.0
2023-05-16 10:30:00-04:00,6.230000019073486,6.269999980926514,6.190000057220459,6.239999771118164,41247,0.0,0.0
2023-05-16 11:30:00-04:00,6.260000228881836,6.260000228881836,6.070000171661377,6.099999904632568,43680,0.0,0.0
2023-05-16 12:30:00-04:00,6.110000133514404,6.150000095367432,6.070000171661377,6.139999866485596,41077,0.0,0.0
2023-05-16 13:30:00-04:00,6.150000095367432,6.159999847412109,6.090000152587891,6.099999904632568,28160,0.0,0.0
2023-05-16 14:30:00-04:00,6.105000019073486,6.139999866485596,6.039999961853027,6.070000171661377,49420,0.0,0.0
2023-05-16 15:30:00-04:00,6.059999942779541,6.090000152587891,6.039999961853027,6.059999942779541,62809,0.0,0.0
2023-05-17 09:30:00-04:00,6.079999923706055,6.139999866485596,5.920000076293945,6.005000114440918,42724,0.0,0.0
2023-05-17 10:30:00-04:00,6.005000114440918,6.088399887084961,6.005000114440918,6.050000190734863,24583,0.0,0.0
2023-05-17 11:30:00-04:00,6.03000020980835,6.03000020980835,5.929999828338623,5.985000133514404,28344,0.0,0.0
2023-05-17 12:30:00-04:00,5.985000133514404,6.019999980926514,5.951900005340576,5.980000019073486,30150,0.0,0.0
2023-05-17 13:30:00-04:00,5.980000019073486,6.079999923706055,5.980000019073486,6.03000020980835,51968,0.0,0.0
2023-05-17 14:30:00-04:00,6.050000190734863,6.119999885559082,6.019999980926514,6.059999942779541,35251,0.0,0.0
2023-05-17 15:30:00-04:00,6.059999942779541,6.119999885559082,6.03000020980835,6.079999923706055,54465,0.0,0.0
2023-05-18 09:30:00-04:00,6.039999961853027,6.079999923706055,5.929999828338623,5.960000038146973,39242,0.0,0.0
2023-05-18 10:30:00-04:00,5.960000038146973,5.989999771118164,5.872600078582764,5.889999866485596,33871,0.0,0.0
2023-05-18 11:30:00-04:00,5.889999866485596,5.920000076293945,5.820000171661377,5.820000171661377,54699,0.0,0.0
2023-05-18 12:30:00-04:00,5.800000190734863,5.824999809265137,5.730000019073486,5.744999885559082,52150,0.0,0.0
2023-05-18 13:30:00-04:00,5.739999771118164,5.75,5.632400035858154,5.670000076293945,57424,0.0,0.0
2023-05-18 14:30:00-04:00,5.670000076293945,5.730000019073486,5.670000076293945,5.715000152587891,38666,0.0,0.0
2023-05-18 15:30:00-04:00,5.71999979019165,5.829999923706055,5.71999979019165,5.829999923706055,91443,0.0,0.0
2023-05-19 09:30:00-04:00,5.900000095367432,6.03000020980835,5.840000152587891,5.949999809265137,88881,0.0,0.0
2023-05-19 10:30:00-04:00,5.929999828338623,5.929999828338623,5.789999961853027,5.880000114440918,33014,0.0,0.0
2023-05-19 11:30:00-04:00,5.869999885559082,5.869999885559082,5.78000020980835,5.78000020980835,33830,0.0,0.0
2023-05-19 12:30:00-04:00,5.78000020980835,5.849999904632568,5.760000228881836,5.840000152587891,17944,0.0,0.0
2023-05-19 13:30:00-04:00,5.840000152587891,5.860000133514404,5.78000020980835,5.800000190734863,24814,0.0,0.0
2023-05-19 14:30:00-04:00,5.800000190734863,5.800000190734863,5.75,5.75,11924,0.0,0.0
2023-05-19 15:30:00-04:00,5.760000228881836,5.809999942779541,5.699999809265137,5.760000228881836,107287,0.0,0.0
2023-05-22 09:30:00-04:00,5.71999979019165,6.0,5.710000038146973,5.889999866485596,47143,0.0,0.0
2023-05-22 10:30:00-04:00,5.889999866485596,5.889999866485596,5.769999980926514,5.840199947357178,29504,0.0,0.0
2023-05-22 11:30:00-04:00,5.840000152587891,5.9019999504089355,5.809999942779541,5.860000133514404,25196,0.0,0.0
2023-05-22 12:30:00-04:00,5.849899768829346,5.849999904632568,5.795000076293945,5.820000171661377,27623,0.0,0.0
2023-05-22 13:30:00-04:00,5.809999942779541,5.815000057220459,5.71999979019165,5.769999980926514,24346,0.0,0.0
2023-05-22 14:30:00-04:00,5.760000228881836,5.769999980926514,5.704999923706055,5.71999979019165,30413,0.0,0.0
2023-05-22 15:30:00-04:00,5.71999979019165,5.71999979019165,5.659999847412109,5.710000038146973,57294,0.0,0.0
2023-05-23 09:30:00-04:00,5.699999809265137,5.900400161743164,5.679999828338623,5.815000057220459,45897,0.0,0.0
2023-05-23 10:30:00-04:00,5.840000152587891,5.929999828338623,5.829999923706055,5.909999847412109,28877,0.0,0.0
2023-05-23 11:30:00-04:00,5.920000076293945,5.920000076293945,5.789999961853027,5.809999942779541,21234,0.0,0.0
2023-05-23 12:30:00-04:00,5.809999942779541,5.809999942779541,5.679999828338623,5.75,50375,0.0,0.0
2023-05-23 13:30:00-04:00,5.739999771118164,5.769999980926514,5.690000057220459,5.699999809265137,22530,0.0,0.0
2023-05-23 14:30:00-04:00,5.690000057220459,5.71999979019165,5.65500020980835,5.659999847412109,33870,0.0,0.0
2023-05-23 15:30:00-04:00,5.670000076293945,5.679999828338623,5.630000114440918,5.639999866485596,55038,0.0,0.0
2023-05-24 09:30:00-04:00,5.610000133514404,5.610000133514404,5.389999866485596,5.440000057220459,57801,0.0,0.0
2023-05-24 10:30:00-04:00,5.429999828338623,5.465000152587891,5.349999904632568,5.460000038146973,35592,0.0,0.0
2023-05-24 11:30:00-04:00,5.449999809265137,5.46999979019165,5.361000061035156,5.375,60595,0.0,0.0
2023-05-24 12:30:00-04:00,5.369999885559082,5.400000095367432,5.349999904632568,5.349999904632568,27274,0.0,0.0
2023-05-24 13:30:00-04:00,5.349999904632568,5.395999908447266,5.289999961853027,5.289999961853027,34528,0.0,0.0
2023-05-24 14:30:00-04:00,5.289999961853027,5.309999942779541,5.239999771118164,5.28000020980835,31532,0.0,0.0
2023-05-24 15:30:00-04:00,5.293300151824951,5.369999885559082,5.293300151824951,5.360000133514404,61327,0.0,0.0
2023-05-25 09:30:00-04:00,5.360000133514404,5.364999771118164,5.199999809265137,5.320000171661377,72003,0.0,0.0
2023-05-25 10:30:00-04:00,5.316199779510498,5.329999923706055,5.230000019073486,5.230000019073486,41245,0.0,0.0
2023-05-25 11:30:00-04:00,5.230000019073486,5.324999809265137,5.21999979019165,5.230000019073486,55283,0.0,0.0
2023-05-25 12:30:00-04:00,5.25,5.260000228881836,5.210000038146973,5.250100135803223,31276,0.0,0.0
2023-05-25 13:30:00-04:00,5.256999969482422,5.264999866485596,5.204999923706055,5.21999979019165,79382,0.0,0.0
2023-05-25 14:30:00-04:00,5.21999979019165,5.21999979019165,5.130000114440918,5.159999847412109,34927,0.0,0.0
2023-05-25 15:30:00-04:00,5.159999847412109,5.175000190734863,5.130000114440918,5.139999866485596,42793,0.0,0.0
2023-05-26 09:30:00-04:00,5.099999904632568,5.230000019073486,5.0,5.150000095367432,106867,0.0,0.0
2023-05-26 10:30:00-04:00,5.150000095367432,5.1905999183654785,5.099999904632568,5.160099983215332,57604,0.0,0.0
2023-05-26 11:30:00-04:00,5.159999847412109,5.190000057220459,5.059999942779541,5.179999828338623,94589,0.0,0.0
2023-05-26 12:30:00-04:00,5.179999828338623,5.215400218963623,5.150000095367432,5.159999847412109,36880,0.0,0.0
2023-05-26 13:30:00-04:00,5.159999847412109,5.179999828338623,5.110000133514404,5.159999847412109,71097,0.0,0.0
2023-05-26 14:30:00-04:00,5.150000095367432,5.179999828338623,5.150000095367432,5.159999847412109,48424,0.0,0.0
2023-05-26 15:30:00-04:00,5.159999847412109,5.190000057220459,5.099999904632568,5.099999904632568,137021,0.0,0.0
2023-05-30 09:30:00-04:00,5.090000152587891,5.230000019073486,4.940000057220459,4.940000057220459,71458,0.0,0.0
2023-05-30 10:30:00-04:00,4.929999828338623,4.940000057220459,4.639999866485596,4.75,240324,0.0,0.0
2023-05-30 11:30:00-04:00,4.75,4.789999961853027,4.659999847412109,4.710000038146973,114306,0.0,0.0
2023-05-30 12:30:00-04:00,4.699999809265137,4.730000019073486,4.675000190734863,4.695099830627441,52057,0.0,0.0
2023-05-30 13:30:00-04:00,4.710000038146973,4.795000076293945,4.699999809265137,4.764999866485596,65099,0.0,0.0
2023-05-30 14:30:00-04:00,4.764999866485596,4.769999980926514,4.639999866485596,4.699999809265137,84801,0.0,0.0
2023-05-30 15:30:00-04:00,4.710000038146973,4.730000019073486,4.659999847412109,4.670000076293945,254858,0.0,0.0
2023-05-31 09:30:00-04:00,4.679999828338623,4.849999904632568,4.590000152587891,4.650000095367432,76864,0.0,0.0
2023-05-31 10:30:00-04:00,4.650000095367432,4.775000095367432,4.650000095367432,4.684999942779541,88834,0.0,0.0
2023-05-31 11:30:00-04:00,4.699999809265137,4.764999866485596,4.659200191497803,4.659999847412109,53424,0.0,0.0
2023-05-31 12:30:00-04:00,4.650000095367432,4.650000095367432,4.562600135803223,4.610000133514404,57376,0.0,0.0
2023-05-31 13:30:00-04:00,4.610000133514404,4.699999809265137,4.599999904632568,4.699999809265137,126825,0.0,0.0
2023-05-31 14:30:00-04:00,4.710000038146973,4.71999979019165,4.625,4.699999809265137,117518,0.0,0.0
2023-05-31 15:30:00-04:00,4.690000057220459,4.739999771118164,4.650000095367432,4.659999847412109,195682,0.0,0.0
2023-06-01 09:30:00-04:00,4.670000076293945,4.702899932861328,4.559500217437744,4.577400207519531,57088,0.0,0.0
2023-06-01 10:30:00-04:00,4.570000171661377,4.75,4.559999942779541,4.71999979019165,68759,0.0,0.0
2023-06-01 11:30:00-04:00,4.71999979019165,4.724999904632568,4.664999961853027,4.690000057220459,36516,0.0,0.0
2023-06-01 12:30:00-04:00,4.695000171661377,4.71999979019165,4.679999828338623,4.699999809265137,27974,0.0,0.0
2023-06-01 13:30:00-04:00,4.699999809265137,4.699999809265137,4.630000114440918,4.650000095367432,27191,0.0,0.0
2023-06-01 14:30:00-04:00,4.644999980926514,4.679999828338623,4.590000152587891,4.599999904632568,34309,0.0,0.0
2023-06-01 15:30:00-04:00,4.610000133514404,4.659999847412109,4.579999923706055,4.610000133514404,112775,0.0,0.0
2023-06-02 09:30:00-04:00,4.639999866485596,4.800000190734863,4.630000114440918,4.670000076293945,67596,0.0,0.0
2023-06-02 10:30:00-04:00,4.664999961853027,4.71999979019165,4.630000114440918,4.71999979019165,29214,0.0,0.0
2023-06-02 11:30:00-04:00,4.710000038146973,4.769999980926514,4.710000038146973,4.730000019073486,36793,0.0,0.0
2023-06-02 12:30:00-04:00,4.731599807739258,4.775000095367432,4.71999979019165,4.775000095367432,27020,0.0,0.0
2023-06-02 13:30:00-04:00,4.769999980926514,4.815000057220459,4.769999980926514,4.804999828338623,40372,0.0,0.0
2023-06-02 14:30:00-04:00,4.809999942779541,4.809999942779541,4.760000228881836,4.769999980926514,43370,0.0,0.0
2023-06-02 15:30:00-04:00,4.775000095367432,4.869999885559082,4.775000095367432,4.864999771118164,81136,0.0,0.0
2023-06-05 09:30:00-04:00,4.849999904632568,4.969900131225586,4.820000171661377,4.885000228881836,56277,0.0,0.0
2023-06-05 10:30:00-04:00,4.880300045013428,4.949999809265137,4.860000133514404,4.869999885559082,26865,0.0,0.0
2023-06-05 11:30:00-04:00,4.880000114440918,4.889900207519531,4.840000152587891,4.885000228881836,23655,0.0,0.0
2023-06-05 12:30:00-04:00,4.882999897003174,4.96999979019165,4.880000114440918,4.96999979019165,29416,0.0,0.0
2023-06-05 13:30:00-04:00,4.96999979019165,5.110000133514404,4.950099945068359,5.085000038146973,79237,0.0,0.0
2023-06-05 14:30:00-04:00,5.090000152587891,5.139999866485596,5.005000114440918,5.014999866485596,86223,0.0,0.0
2023-06-05 15:30:00-04:00,5.014999866485596,5.050000190734863,4.989999771118164,5.03000020980835,59520,0.0,0.0
2023-06-06 09:30:00-04:00,5.019999980926514,5.150000095367432,4.962500095367432,5.0,64460,0.0,0.0
2023-06-06 10:30:00-04:00,5.0,5.050000190734863,4.960000038146973,5.034999847412109,51795,0.0,0.0
2023-06-06 11:30:00-04:00,5.039999961853027,5.179999828338623,5.0,5.039999961853027,87573,0.0,0.0
2023-06-06 12:30:00-04:00,5.039999961853027,5.050000190734863,4.949999809265137,5.03000020980835,183529,0.0,0.0
2023-06-06 13:30:00-04:00,5.025000095367432,5.050000190734863,5.012499809265137,5.050000190734863,20177,0.0,0.0
2023-06-06 14:30:00-04:00,5.059999942779541,5.159999847412109,5.059999942779541,5.15500020980835,222765,0.0,0.0
2023-06-06 15:30:00-04:00,5.159999847412109,5.230000019073486,5.150000095367432,5.199999809265137,118847,0.0,0.0
2023-06-07 09:30:00-04:00,5.179999828338623,5.295000076293945,5.139999866485596,5.230000019073486,52180,0.0,0.0
2023-06-07 10:30:00-04:00,5.235000133514404,5.320000171661377,5.21999979019165,5.289999961853027,313941,0.0,0.0
2023-06-07 11:30:00-04:00,5.289999961853027,5.380000114440918,5.289999961853027,5.329999923706055,42362,0.0,0.0
2023-06-07 12:30:00-04:00,5.355599880218506,5.409999847412109,5.239999771118164,5.260000228881836,119714,0.0,0.0
2023-06-07 13:30:00-04:00,5.260000228881836,5.289999961853027,5.227499961853027,5.25,37301,0.0,0.0
2023-06-07 14:30:00-04:00,5.260000228881836,5.269999980926514,5.179999828338623,5.235000133514404,77136,0.0,0.0
2023-06-07 15:30:00-04:00,5.235000133514404,5.284999847412109,5.230000019073486,5.239999771118164,115111,0.0,0.0
2023-06-08 09:30:00-04:00,5.230000019073486,5.230000019073486,5.139999866485596,5.199999809265137,19391,0.0,0.0
2023-06-08 10:30:00-04:00,5.190000057220459,5.235000133514404,5.119999885559082,5.204999923706055,68976,0.0,0.0
2023-06-08 11:30:00-04:00,5.210000038146973,5.21999979019165,5.170000076293945,5.210000038146973,18654,0.0,0.0
2023-06-08 12:30:00-04:00,5.199999809265137,5.21999979019165,5.179999828338623,5.215000152587891,14245,0.0,0.0
2023-06-08 13:30:00-04:00,5.230000019073486,5.269999980926514,5.210000038146973,5.269999980926514,17234,0.0,0.0
2023-06-08 14:30:00-04:00,5.264999866485596,5.289999961853027,5.235000133514404,5.239999771118164,22527,0.0,0.0
2023-06-08 15:30:00-04:00,5.239999771118164,5.239999771118164,5.190000057220459,5.202099800109863,50123,0.0,0.0
2023-06-09 09:30:00-04:00,5.260000228881836,5.449999809265137,5.170000076293945,5.440000057220459,43906,0.0,0.0
2023-06-09 10:30:00-04:00,5.440000057220459,5.449999809265137,5.349999904632568,5.360000133514404,53091,0.0,0.0
2023-06-09 11:30:00-04:00,5.360000133514404,5.420000076293945,5.340000152587891,5.420000076293945,40880,0.0,0.0
2023-06-09 12:30:00-04:00,5.429999828338623,5.499000072479248,5.420000076293945,5.494999885559082,35219,0.0,0.0
2023-06-09 13:30:00-04:00,5.494999885559082,5.550000190734863,5.360000133514404,5.445000171661377,122464,0.0,0.0
2023-06-09 14:30:00-04:00,5.445000171661377,5.534999847412109,5.360000133514404,5.534999847412109,115652,0.0,0.0
2023-06-09 15:30:00-04:00,5.534999847412109,5.590000152587891,5.5,5.579999923706055,173015,0.0,0.0
2023-06-12 09:30:00-04:00,5.630000114440918,5.730000019073486,5.534999847412109,5.730000019073486,108431,0.0,0.0
2023-06-12 10:30:00-04:00,5.739999771118164,5.795000076293945,5.704999923706055,5.739999771118164,77214,0.0,0.0
2023-06-12 11:30:00-04:00,5.735000133514404,5.735000133514404,5.630000114440918,5.650000095367432,74240,0.0,0.0
2023-06-12 12:30:00-04:00,5.65500020980835,5.675000190734863,5.650000095367432,5.670000076293945,43040,0.0,0.0
2023-06-12 13:30:00-04:00,5.659999847412109,5.724999904632568,5.639999866485596,5.71999979019165,36682,0.0,0.0
2023-06-12 14:30:00-04:00,5.71999979019165,5.78000020980835,5.684999942779541,5.699999809265137,88651,0.0,0.0
2023-06-12 15:30:00-04:00,5.699999809265137,5.789999961853027,5.650000095367432,5.789999961853027,140075,0.0,0.0
2023-06-13 09:30:00-04:00,5.800000190734863,5.954999923706055,5.71999979019165,5.940100193023682,50519,0.0,0.0
2023-06-13 10:30:00-04:00,5.949999809265137,6.019999980926514,5.929999828338623,5.994999885559082,97308,0.0,0.0
2023-06-13 11:30:00-04:00,5.989999771118164,6.0,5.940000057220459,5.994999885559082,46079,0.0,0.0
2023-06-13 12:30:00-04:00,5.994999885559082,6.050000190734863,5.96999979019165,6.005000114440918,59658,0.0,0.0
2023-06-13 13:30:00-04:00,6.0,6.03849983215332,5.960000038146973,5.989999771118164,88788,0.0,0.0
2023-06-13 14:30:00-04:00,5.980000019073486,6.005000114440918,5.920000076293945,5.945000171661377,100798,0.0,0.0
2023-06-13 15:30:00-04:00,5.949999809265137,6.050000190734863,5.945000171661377,6.050000190734863,142086,0.0,0.0
2023-06-14 09:30:00-04:00,6.070000171661377,6.1149001121521,5.929999828338623,6.039999961853027,39218,0.0,0.0
2023-06-14 10:30:00-04:00,6.03000020980835,6.045000076293945,6.0,6.03380012512207,34975,0.0,0.0
2023-06-14 11:30:00-04:00,6.050000190734863,6.050000190734863,5.980000019073486,6.010000228881836,56020,0.0,0.0
2023-06-14 12:30:00-04:00,6.019999980926514,6.019999980926514,5.949999809265137,5.96999979019165,51003,0.0,0.0
2023-06-14 13:30:00-04:00,5.96999979019165,6.03000020980835,5.949999809265137,6.019999980926514,83951,0.0,0.0
2023-06-14 14:30:00-04:00,6.03000020980835,6.099999904632568,6.010000228881836,6.099999904632568,33741,0.0,0.0
2023-06-14 15:30:00-04:00,6.070000171661377,6.09499979019165,6.03000020980835,6.079999923706055,67481,0.0,0.0
2023-06-15 09:30:00-04:00,6.03000020980835,6.090000152587891,5.980000019073486,6.070000171661377,45779,0.0,0.0
2023-06-15 10:30:00-04:00,6.070000171661377,6.079999923706055,5.980000019073486,5.994999885559082,59419,0.0,0.0
2023-06-15 11:30:00-04:00,6.0,6.032599925994873,5.989999771118164,6.019999980926514,22737,0.0,0.0
2023-06-15 12:30:00-04:00,6.0177998542785645,6.0177998542785645,6.0,6.0,14289,0.0,0.0
2023-06-15 13:30:00-04:00,6.010000228881836,6.050000190734863,5.989999771118164,6.050000190734863,13507,0.0,0.0
2023-06-15 14:30:00-04:00,6.050000190734863,6.070000171661377,5.989999771118164,6.0,30438,0.0,0.0
2023-06-15 15:30:00-04:00,5.989999771118164,6.039999961853027,5.989999771118164,6.03000020980835,60822,0.0,0.0
2023-06-16 09:30:00-04:00,6.110000133514404,6.179999828338623,5.989999771118164,6.139999866485596,148453,0.0,0.0
2023-06-16 10:30:00-04:00,6.150000095367432,6.150000095367432,6.03000020980835,6.03000020980835,32540,0.0,0.0
2023-06-16 11:30:00-04:00,6.039999961853027,6.039999961853027,5.920000076293945,6.019999980926514,79776,0.0,0.0
2023-06-16 12:30:00-04:00,6.010000228881836,6.019999980926514,5.980000019073486,6.010000228881836,35534,0.0,0.0
2023-06-16 13:30:00-04:00,6.005000114440918,6.039999961853027,6.0,6.03000020980835,39632,0.0,0.0
2023-06-16 14:30:00-04:00,6.025000095367432,6.059999942779541,6.010000228881836,6.045000076293945,59202,0.0,0.0
2023-06-16 15:30:00-04:00,6.050000190734863,6.150000095367432,6.03000020980835,6.099999904632568,192486,0.0,0.0
2023-06-20 09:30:00-04:00,6.079999923706055,6.079999923706055,5.599999904632568,5.699999809265137,236084,0.0,0.0
2023-06-20 10:30:00-04:00,5.699999809265137,5.71999979019165,5.619999885559082,5.675000190734863,48796,0.0,0.0
2023-06-20 11:30:00-04:00,5.675000190734863,5.679999828338623,5.639999866485596,5.659999847412109,38453,0.0,0.0
2023-06-20 12:30:00-04:00,5.659999847412109,5.71999979019165,5.659999847412109,5.710000038146973,24457,0.0,0.0
2023-06-20 13:30:00-04:00,5.71999979019165,5.71999979019165,5.639999866485596,5.642499923706055,34420,0.0,0.0
2023-06-20 14:30:00-04:00,5.644999980926514,5.70959997177124,5.639999866485596,5.672500133514404,50439,0.0,0.0
2023-06-20 15:30:00-04:00,5.675000190734863,5.739999771118164,5.664999961853027,5.735000133514404,136756,0.0,0.0
2023-06-21 09:30:00-04:00,5.690000057220459,5.690000057220459,5.460000038146973,5.550000190734863,88515,0.0,0.0
2023-06-21 10:30:00-04:00,5.559999942779541,5.579999923706055,5.465000152587891,5.480000019073486,89569,0.0,0.0
2023-06-21 11:30:00-04:00,5.489999771118164,5.650000095367432,5.46999979019165,5.650000095367432,29309,0.0,0.0
2023-06-21 12:30:00-04:00,5.650000095367432,5.679999828338623,5.630000114440918,5.659999847412109,28321,0.0,0.0
2023-06-21 13:30:00-04:00,5.659999847412109,5.724999904632568,5.659999847412109,5.724999904632568,32714,0.0,0.0
2023-06-21 14:30:00-04:00,5.735000133514404,5.739999771118164,5.690000057220459,5.704999923706055,51971,0.0,0.0
2023-06-21 15:30:00-04:00,5.704999923706055,5.739999771118164,5.679999828338623,5.699999809265137,116571,0.0,0.0
2023-06-22 09:30:00-04:00,5.710000038146973,5.710000038146973,5.579999923706055,5.590000152587891,22539,0.0,0.0
2023-06-22 10:30:00-04:00,5.610000133514404,5.610000133514404,5.570000171661377,5.579999923706055,19988,0.0,0.0
2023-06-22 11:30:00-04:00,5.579999923706055,5.590000152587891,5.454999923706055,5.46999979019165,42871,0.0,0.0
2023-06-22 12:30:00-04:00,5.46999979019165,5.46999979019165,5.429999828338623,5.460000038146973,16417,0.0,0.0
2023-06-22 13:30:00-04:00,5.465000152587891,5.489999771118164,5.465000152587891,5.479899883270264,29949,0.0,0.0
2023-06-22 14:30:00-04:00,5.480000019073486,5.510000228881836,5.475599765777588,5.494999885559082,27882,0.0,0.0
2023-06-22 15:30:00-04:00,5.494999885559082,5.559999942779541,5.489999771118164,5.545000076293945,87022,0.0,0.0
2023-06-23 09:30:00-04:00,5.510000228881836,5.53000020980835,5.429999828338623,5.489999771118164,19912,0.0,0.0
2023-06-23 10:30:00-04:00,5.5,5.550000190734863,5.420000076293945,5.440000057220459,37716,0.0,0.0
2023-06-23 11:30:00-04:00,5.440000057220459,5.460100173950195,5.434999942779541,5.449999809265137,17815,0.0,0.0
2023-06-23 12:30:00-04:00,5.445000171661377,5.460000038146973,5.440000057220459,5.449999809265137,26095,0.0,0.0
2023-06-23 13:30:00-04:00,5.449999809265137,5.460000038146973,5.440000057220459,5.449999809265137,20440,0.0,0.0
2023-06-23 14:30:00-04:00,5.440000057220459,5.525000095367432,5.425000190734863,5.525000095367432,65988,0.0,0.0
2023-06-23 15:30:00-04:00,5.525000095367432,5.809999942779541,5.489999771118164,5.760000228881836,726828,0.0,0.0
2023-06-26 09:30:00-04:00,5.71999979019165,5.739999771118164,5.510000228881836,5.539999961853027,79689,0.0,0.0
2023-06-26 10:30:00-04:00,5.539999961853027,5.559999942779541,5.465000152587891,5.489999771118164,70163,0.0,0.0
2023-06-26 11:30:00-04:00,5.474999904632568,5.480000019073486,5.409999847412109,5.429999828338623,48151,0.0,0.0
2023-06-26 12:30:00-04:00,5.420000076293945,5.449999809265137,5.383999824523926,5.445000171661377,46014,0.0,0.0
2023-06-26 13:30:00-04:00,5.4375,5.46999979019165,5.420000076293945,5.442500114440918,60913,0.0,0.0
2023-06-26 14:30:00-04:00,5.449999809265137,5.494999885559082,5.449999809265137,5.474999904632568,47934,0.0,0.0
2023-06-26 15:30:00-04:00,5.466000080108643,5.466000080108643,5.369999885559082,5.400000095367432,141859,0.0,0.0
2023-06-27 09:30:00-04:00,5.400000095367432,5.409999847412109,5.199999809265137,5.21999979019165,361412,0.0,0.0
2023-06-27 10:30:00-04:00,5.21999979019165,5.425000190734863,5.170000076293945,5.380000114440918,975697,0.0,0.0
2023-06-27 11:30:00-04:00,5.380000114440918,5.519999980926514,5.375,5.5,24634,0.0,0.0
2023-06-27 12:30:00-04:00,5.499899864196777,5.545000076293945,5.489999771118164,5.534999847412109,32239,0.0,0.0
2023-06-27 13:30:00-04:00,5.534999847412109,5.537499904632568,5.420000076293945,5.445000171661377,64903,0.0,0.0
2023-06-27 14:30:00-04:00,5.445000171661377,5.457099914550781,5.349999904632568,5.349999904632568,139196,0.0,0.0
2023-06-27 15:30:00-04:00,5.355000019073486,5.355000019073486,5.260000228881836,5.260000228881836,156451,0.0,0.0
2023-06-28 09:30:00-04:00,5.239999771118164,5.239999771118164,5.150000095367432,5.210000038146973,70670,0.0,0.0
2023-06-28 10:30:00-04:00,5.210000038146973,5.212299823760986,5.059999942779541,5.070000171661377,86927,0.0,0.0
2023-06-28 11:30:00-04:00,5.079999923706055,5.159999847412109,5.070000171661377,5.130000114440918,63756,0.0,0.0
2023-06-28 12:30:00-04:00,5.130000114440918,5.239999771118164,5.079999923706055,5.230000019073486,148254,0.0,0.0
2023-06-28 13:30:00-04:00,5.230000019073486,5.309999942779541,5.199999809265137,5.255000114440918,139878,0.0,0.0
2023-06-28 14:30:00-04:00,5.25,5.315000057220459,5.230000019073486,5.260000228881836,178052,0.0,0.0
2023-06-28 15:30:00-04:00,5.25,5.300000190734863,5.230000019073486,5.289999961853027,148197,0.0,0.0
2023-06-29 09:30:00-04:00,5.25,5.300000190734863,5.119999885559082,5.25,72309,0.0,0.0
2023-06-29 10:30:00-04:00,5.262899875640869,5.340000152587891,5.2307000160217285,5.309999942779541,35362,0.0,0.0
2023-06-29 11:30:00-04:00,5.317500114440918,5.329999923706055,5.190000057220459,5.260000228881836,56569,0.0,0.0
2023-06-29 12:30:00-04:00,5.230000019073486,5.260000228881836,5.199999809265137,5.25,28139,0.0,0.0
2023-06-29 13:30:00-04:00,5.25,5.25,5.170000076293945,5.210000038146973,47420,0.0,0.0
2023-06-29 14:30:00-04:00,5.204999923706055,5.230000019073486,5.199999809265137,5.21999979019165,50982,0.0,0.0
2023-06-29 15:30:00-04:00,5.224999904632568,5.230000019073486,5.199999809265137,5.199999809265137,49649,0.0,0.0
2023-06-30 09:30:00-04:00,5.190000057220459,5.349999904632568,5.079999923706055,5.210000038146973,104330,0.0,0.0
2023-06-30 10:30:00-04:00,5.204999923706055,5.21999979019165,5.170000076293945,5.215000152587891,43618,0.0,0.0
2023-06-30 11:30:00-04:00,5.215000152587891,5.260000228881836,5.215000152587891,5.244999885559082,27797,0.0,0.0
2023-06-30 12:30:00-04:00,5.25,5.349999904632568,5.199999809265137,5.329999923706055,111503,0.0,0.0
2023-06-30 13:30:00-04:00,5.329999923706055,5.480000019073486,5.320000171661377,5.46999979019165,44212,0.0,0.0
2023-06-30 14:30:00-04:00,5.474999904632568,5.510000228881836,5.454999923706055,5.477499961853027,111715,0.0,0.0
2023-06-30 15:30:00-04:00,5.477499961853027,5.480000019073486,5.300000190734863,5.349999904632568,159285,0.0,0.0
2023-07-03 09:30:00-04:00,5.360000133514404,5.412499904632568,5.300099849700928,5.329999923706055,31168,0.0,0.0
2023-07-03 10:30:00-04:00,5.329999923706055,5.425000190734863,5.320000171661377,5.409999847412109,41965,0.0,0.0
2023-07-03 11:30:00-04:00,5.409999847412109,5.420000076293945,5.369999885559082,5.380000114440918,33625,0.0,0.0
2023-07-05 09:30:00-04:00,5.340000152587891,5.420000076293945,5.25,5.355000019073486,41651,0.0,0.0
2023-07-05 10:30:00-04:00,5.360000133514404,5.445000171661377,5.349999904632568,5.425000190734863,64703,0.0,0.0
2023-07-05 11:30:00-04:00,5.425000190734863,5.449999809265137,5.414999961853027,5.414999961853027,26777,0.0,0.0
2023-07-05 12:30:00-04:00,5.409999847412109,5.409999847412109,5.369999885559082,5.389999866485596,26410,0.0,0.0
2023-07-05 13:30:00-04:00,5.394999980926514,5.420000076293945,5.360000133514404,5.375,30013,0.0,0.0
2023-07-05 14:30:00-04:00,5.375,5.400000095367432,5.329999923706055,5.34499979019165,49156,0.0,0.0
2023-07-05 15:30:00-04:00,5.34499979019165,5.34499979019165,5.289999961853027,5.289999961853027,57047,0.0,0.0
2023-07-06 09:30:00-04:00,5.239999771118164,5.239999771118164,5.130000114440918,5.150000095367432,42278,0.0,0.0
2023-07-06 10:30:00-04:00,5.119999885559082,5.119999885559082,4.880000114440918,4.9079999923706055,47778,0.0,0.0
2023-07-06 11:30:00-04:00,4.909900188446045,4.909999847412109,4.855000019073486,4.860000133514404,42698,0.0,0.0
2023-07-06 12:30:00-04:00,4.864999771118164,4.889999866485596,4.85099983215332,4.864999771118164,14852,0.0,0.0
2023-07-06 13:30:00-04:00,4.864999771118164,4.894999980926514,4.795000076293945,4.889999866485596,84303,0.0,0.0
2023-07-06 14:30:00-04:00,4.889999866485596,4.900000095367432,4.800000190734863,4.84499979019165,47042,0.0,0.0
2023-07-06 15:30:00-04:00,4.849999904632568,4.869999885559082,4.809999942779541,4.860000133514404,95468,0.0,0.0
2023-07-07 09:30:00-04:00,4.869999885559082,4.929999828338623,4.829999923706055,4.929999828338623,38896,0.0,0.0
2023-07-07 10:30:00-04:00,4.925000190734863,4.980000019073486,4.914999961853027,4.96999979019165,39160,0.0,0.0
2023-07-07 11:30:00-04:00,4.980000019073486,5.025000095367432,4.980000019073486,5.019999980926514,51029,0.0,0.0
2023-07-07 12:30:00-04:00,5.019999980926514,5.070000171661377,5.0,5.019999980926514,43519,0.0,0.0
2023-07-07 13:30:00-04:00,5.014999866485596,5.025000095367432,4.980000019073486,5.025000095367432,39071,0.0,0.0
2023-07-07 14:30:00-04:00,5.025000095367432,5.025000095367432,4.980000019073486,5.0,41674,0.0,0.0
2023-07-07 15:30:00-04:00,5.0,5.019999980926514,4.974999904632568,5.014999866485596,87035,0.0,0.0
2023-07-10 09:30:00-04:00,5.039999961853027,5.099999904632568,4.974999904632568,5.019999980926514,46464,0.0,0.0
2023-07-10 10:30:00-04:00,5.0,5.085000038146973,4.989999771118164,5.054999828338623,15362,0.0,0.0
2023-07-10 11:30:00-04:00,5.050000190734863,5.050000190734863,4.96999979019165,5.019999980926514,35132,0.0,0.0
2023-07-10 12:30:00-04:00,5.03000020980835,5.0578999519348145,5.019999980926514,5.045000076293945,12746,0.0,0.0
2023-07-10 13:30:00-04:00,5.049900054931641,5.059999942779541,5.039999961853027,5.045000076293945,11385,0.0,0.0
2023-07-10 14:30:00-04:00,5.045000076293945,5.059999942779541,5.034999847412109,5.039999961853027,26412,0.0,0.0
2023-07-10 15:30:00-04:00,5.031000137329102,5.039999961853027,4.949999809265137,4.980000019073486,108337,0.0,0.0
2023-07-11 09:30:00-04:00,4.96999979019165,5.034999847412109,4.820000171661377,4.909999847412109,159552,0.0,0.0
2023-07-11 10:30:00-04:00,4.900000095367432,4.954999923706055,4.860000133514404,4.954999923706055,40634,0.0,0.0
2023-07-11 11:30:00-04:00,4.949999809265137,5.014999866485596,4.949999809265137,4.989999771118164,36864,0.0,0.0
2023-07-11 12:30:00-04:00,4.989999771118164,5.014999866485596,4.985000133514404,4.994999885559082,13231,0.0,0.0
2023-07-11 13:30:00-04:00,4.994999885559082,5.019999980926514,4.989999771118164,5.005000114440918,36716,0.0,0.0
2023-07-11 14:30:00-04:00,5.005000114440918,5.090000152587891,5.0,5.079999923706055,35556,0.0,0.0
2023-07-11 15:30:00-04:00,5.074999809265137,5.114999771118164,5.074999809265137,5.09499979019165,61858,0.0,0.0
2023-07-12 09:30:00-04:00,5.150000095367432,5.25,5.139999866485596,5.199999809265137,24115,0.0,0.0
2023-07-12 10:30:00-04:00,5.199999809265137,5.25,5.170000076293945,5.239999771118164,23586,0.0,0.0
2023-07-12 11:30:00-04:00,5.238999843597412,5.239999771118164,5.170100212097168,5.190000057220459,18978,0.0,0.0
2023-07-12 12:30:00-04:00,5.190000057220459,5.239999771118164,5.190000057220459,5.239999771118164,16650,0.0,0.0
2023-07-12 13:30:00-04:00,5.239999771118164,5.239999771118164,5.190000057220459,5.210000038146973,22998,0.0,0.0
2023-07-12 14:30:00-04:00,5.199999809265137,5.204999923706055,5.139999866485596,5.150000095367432,30748,0.0,0.0
2023-07-12 15:30:00-04:00,5.159999847412109,5.199999809265137,5.150000095367432,5.170000076293945,66295,0.0,0.0
2023-07-13 09:30:00-04:00,5.21999979019165,5.239999771118164,5.150000095367432,5.159999847412109,28022,0.0,0.0
2023-07-13 10:30:00-04:00,5.15500020980835,5.15500020980835,5.099999904632568,5.1280999183654785,14142,0.0,0.0
2023-07-13 11:30:00-04:00,5.130000114440918,5.139999866485596,5.094399929046631,5.125,17736,0.0,0.0
2023-07-13 12:30:00-04:00,5.119999885559082,5.130000114440918,5.099999904632568,5.099999904632568,9715,0.0,0.0
2023-07-13 13:30:00-04:00,5.110000133514404,5.110000133514404,5.03000020980835,5.039999961853027,17852,0.0,0.0
2023-07-13 14:30:00-04:00,5.034999847412109,5.050000190734863,5.010000228881836,5.039999961853027,28670,0.0,0.0
2023-07-13 15:30:00-04:00,5.039999961853027,5.050000190734863,5.014999866485596,5.034999847412109,37971,0.0,0.0
2023-07-14 09:30:00-04:00,5.039999961853027,5.070000171661377,4.900000095367432,4.920000076293945,28935,0.0,0.0
2023-07-14 10:30:00-04:00,4.929999828338623,4.940000057220459,4.849999904632568,4.855000019073486,26902,0.0,0.0
2023-07-14 11:30:00-04:00,4.849999904632568,4.875,4.840000152587891,4.864999771118164,21258,0.0,0.0
2023-07-14 12:30:00-04:00,4.8471999168396,4.934999942779541,4.840000152587891,4.900000095367432,29178,0.0,0.0
2023-07-14 13:30:00-04:00,4.900000095367432,4.940000057220459,4.900000095367432,4.90500020980835,16812,0.0,0.0
2023-07-14 14:30:00-04:00,4.900000095367432,4.929999828338623,4.894999980926514,4.920000076293945,21162,0.0,0.0
2023-07-14 15:30:00-04:00,4.920000076293945,4.940000057220459,4.909999847412109,4.909999847412109,40728,0.0,0.0
2023-07-17 09:30:00-04:00,4.96999979019165,5.119999885559082,4.940000057220459,5.050000190734863,40590,0.0,0.0
2023-07-17 10:30:00-04:00,5.059999942779541,5.074999809265137,5.010000228881836,5.074999809265137,40068,0.0,0.0
2023-07-17 11:30:00-04:00,5.070199966430664,5.110000133514404,5.010000228881836,5.010000228881836,40267,0.0,0.0
2023-07-17 12:30:00-04:00,5.019999980926514,5.03000020980835,4.989999771118164,5.005000114440918,19043,0.0,0.0
2023-07-17 13:30:00-04:00,5.0,5.079999923706055,5.0,5.059999942779541,37607,0.0,0.0
2023-07-17 14:30:00-04:00,5.054999828338623,5.085000038146973,5.039999961853027,5.045000076293945,31489,0.0,0.0
2023-07-17 15:30:00-04:00,5.045000076293945,5.070000171661377,5.0,5.045000076293945,65046,0.0,0.0
2023-07-18 09:30:00-04:00,5.03000020980835,5.099999904632568,5.010000228881836,5.074999809265137,23422,0.0,0.0
2023-07-18 10:30:00-04:00,5.079999923706055,5.090000152587891,5.03000020980835,5.070000171661377,21360,0.0,0.0
2023-07-18 11:30:00-04:00,5.050000190734863,5.190000057220459,5.03000020980835,5.150599956512451,54753,0.0,0.0
2023-07-18 12:30:00-04:00,5.150899887084961,5.150899887084961,5.079999923706055,5.079999923706055,27258,0.0,0.0
2023-07-18 13:30:00-04:00,5.079999923706055,5.079999923706055,5.010000228881836,5.019899845123291,14084,0.0,0.0
2023-07-18 14:30:00-04:00,5.014999866485596,5.039999961853027,5.005000114440918,5.03000020980835,29092,0.0,0.0
2023-07-18 15:30:00-04:00,5.039999961853027,5.070000171661377,5.025000095367432,5.054999828338623,64373,0.0,0.0
2023-07-19 09:30:00-04:00,5.090000152587891,5.179999828338623,5.050000190734863,5.139999866485596,25450,0.0,0.0
2023-07-19 10:30:00-04:00,5.130000114440918,5.139999866485596,5.039999961853027,5.050000190734863,21387,0.0,0.0
2023-07-19 11:30:00-04:00,5.045000076293945,5.114999771118164,5.019999980926514,5.054999828338623,26365,0.0,0.0
2023-07-19 12:30:00-04:00,5.054999828338623,5.065000057220459,5.039999961853027,5.050000190734863,24624,0.0,0.0
2023-07-19 13:30:00-04:00,5.050000190734863,5.079999923706055,5.050000190734863,5.074999809265137,18197,0.0,0.0
2023-07-19 14:30:00-04:00,5.079999923706055,5.09499979019165,5.065000057220459,5.079999923706055,21025,0.0,0.0
2023-07-19 15:30:00-04:00,5.079999923706055,5.079999923706055,5.039999961853027,5.050000190734863,40354,0.0,0.0
2023-07-20 09:30:00-04:00,5.03000020980835,5.039999961853027,4.920000076293945,4.945000171661377,25011,0.0,0.0
2023-07-20 10:30:00-04:00,4.940100193023682,5.019999980926514,4.929999828338623,5.010000228881836,18722,0.0,0.0
2023-07-20 11:30:00-04:00,4.989999771118164,4.989999771118164,4.900000095367432,4.920000076293945,18867,0.0,0.0
2023-07-20 12:30:00-04:00,4.914999961853027,4.920000076293945,4.860000133514404,4.880099773406982,31142,0.0,0.0
2023-07-20 13:30:00-04:00,4.885000228881836,4.889999866485596,4.849999904632568,4.864999771118164,33599,0.0,0.0
2023-07-20 14:30:00-04:00,4.864999771118164,4.889999866485596,4.860000133514404,4.864999771118164,25947,0.0,0.0
2023-07-20 15:30:00-04:00,4.869999885559082,4.880000114440918,4.855000019073486,4.855000019073486,48782,0.0,0.0
2023-07-21 09:30:00-04:00,4.909999847412109,4.960000038146973,4.840000152587891,4.860000133514404,53069,0.0,0.0
2023-07-21 10:30:00-04:00,4.869999885559082,4.920000076293945,4.860000133514404,4.900000095367432,22406,0.0,0.0
2023-07-21 11:30:00-04:00,4.909999847412109,4.949999809265137,4.880000114440918,4.949999809265137,19317,0.0,0.0
2023-07-21 12:30:00-04:00,4.940000057220459,4.940000057220459,4.909999847412109,4.925000190734863,13005,0.0,0.0
2023-07-21 13:30:00-04:00,4.925000190734863,4.965000152587891,4.889999866485596,4.894999980926514,18742,0.0,0.0
2023-07-21 14:30:00-04:00,4.894999980926514,4.949999809265137,4.885000228881836,4.929200172424316,43899,0.0,0.0
2023-07-21 15:30:00-04:00,4.929999828338623,4.940000057220459,4.900000095367432,4.900000095367432,58850,0.0,0.0
2023-07-24 09:30:00-04:00,4.900000095367432,4.920000076293945,4.75,4.789999961853027,44197,0.0,0.0
2023-07-24 10:30:00-04:00,4.789999961853027,4.849999904632568,4.769999980926514,4.809999942779541,35848,0.0,0.0
2023-07-24 11:30:00-04:00,4.809999942779541,4.809999942779541,4.755000114440918,4.760000228881836,25849,0.0,0.0
2023-07-24 12:30:00-04:00,4.764999866485596,4.809999942779541,4.755000114440918,4.764999866485596,26815,0.0,0.0
2023-07-24 13:30:00-04:00,4.76639986038208,4.809999942779541,4.75,4.809999942779541,22779,0.0,0.0
2023-07-24 14:30:00-04:00,4.800000190734863,4.820000171661377,4.75,4.809999942779541,44365,0.0,0.0
2023-07-24 15:30:00-04:00,4.820000171661377,4.880000114440918,4.809999942779541,4.835000038146973,66941,0.0,0.0
2023-07-25 09:30:00-04:00,4.820000171661377,4.900000095367432,4.760000228881836,4.820000171661377,52046,0.0,0.0
2023-07-25 10:30:00-04:00,4.809999942779541,4.809999942779541,4.699999809265137,4.708799839019775,31592,0.0,0.0
2023-07-25 11:30:00-04:00,4.699999809265137,4.78000020980835,4.699999809265137,4.724999904632568,12499,0.0,0.0
2023-07-25 12:30:00-04:00,4.71999979019165,4.75,4.679999828338623,4.704999923706055,29616,0.0,0.0
2023-07-25 13:30:00-04:00,4.710000038146973,4.75,4.710000038146973,4.75,13347,0.0,0.0
2023-07-25 14:30:00-04:00,4.75,4.755000114440918,4.710000038146973,4.715000152587891,20938,0.0,0.0
2023-07-25 15:30:00-04:00,4.715000152587891,4.715000152587891,4.644999980926514,4.670000076293945,84223,0.0,0.0
2023-07-26 09:30:00-04:00,4.639999866485596,4.71999979019165,4.639999866485596,4.659999847412109,9871,0.0,0.0
2023-07-26 10:30:00-04:00,4.650000095367432,4.65500020980835,4.590000152587891,4.619999885559082,34631,0.0,0.0
2023-07-26 11:30:00-04:00,4.619999885559082,4.670000076293945,4.619999885559082,4.659999847412109,13881,0.0,0.0
2023-07-26 12:30:00-04:00,4.670000076293945,4.71999979019165,4.604800224304199,4.605000019073486,29369,0.0,0.0
2023-07-26 13:30:00-04:00,4.610000133514404,4.664999961853027,4.610000133514404,4.650000095367432,20945,0.0,0.0
2023-07-26 14:30:00-04:00,4.650000095367432,4.71999979019165,4.650000095367432,4.695000171661377,25788,0.0,0.0
2023-07-26 15:30:00-04:00,4.695000171661377,4.735000133514404,4.599999904632568,4.690000057220459,98329,0.0,0.0
2023-07-27 09:30:00-04:00,4.699999809265137,4.699999809265137,4.570000171661377,4.590000152587891,35964,0.0,0.0
2023-07-27 10:30:00-04:00,4.590400218963623,4.614999771118164,4.579999923706055,4.579999923706055,21569,0.0,0.0
2023-07-27 11:30:00-04:00,4.581399917602539,4.610000133514404,4.579999923706055,4.590000152587891,25248,0.0,0.0
2023-07-27 12:30:00-04:00,4.579999923706055,4.599999904632568,4.570000171661377,4.59499979019165,25851,0.0,0.0
2023-07-27 13:30:00-04:00,4.605000019073486,4.610000133514404,4.440000057220459,4.519999980926514,171936,0.0,0.0
2023-07-27 14:30:00-04:00,4.519999980926514,4.525000095367432,4.460000038146973,4.465000152587891,38343,0.0,0.0
2023-07-27 15:30:00-04:00,4.465000152587891,4.489999771118164,4.449999809265137,4.485000133514404,53575,0.0,0.0
2023-07-28 09:30:00-04:00,4.539999961853027,4.800000190734863,4.5,4.704999923706055,78677,0.0,0.0
2023-07-28 10:30:00-04:00,4.718999862670898,4.775000095367432,4.650000095367432,4.690999984741211,93103,0.0,0.0
2023-07-28 11:30:00-04:00,4.691100120544434,4.710000038146973,4.670000076293945,4.690000057220459,22046,0.0,0.0
2023-07-28 12:30:00-04:00,4.708000183105469,4.739999771118164,4.690000057220459,4.735000133514404,34338,0.0,0.0
2023-07-28 13:30:00-04:00,4.739999771118164,4.75,4.699999809265137,4.724999904632568,53719,0.0,0.0
2023-07-28 14:30:00-04:00,4.724999904632568,4.737500190734863,4.679999828338623,4.699999809265137,66448,0.0,0.0
2023-07-28 15:30:00-04:00,4.699999809265137,4.699999809265137,4.599999904632568,4.670000076293945,96086,0.0,0.0
2023-07-31 09:30:00-04:00,4.710000038146973,4.875,4.710000038146973,4.809999942779541,83013,0.0,0.0
2023-07-31 10:30:00-04:00,4.809999942779541,4.840000152587891,4.78000020980835,4.809999942779541,23012,0.0,0.0
2023-07-31 11:30:00-04:00,4.809999942779541,4.824999809265137,4.769999980926514,4.804999828338623,26713,0.0,0.0
2023-07-31 12:30:00-04:00,4.809999942779541,4.835000038146973,4.800000190734863,4.804999828338623,21837,0.0,0.0
2023-07-31 13:30:00-04:00,4.809999942779541,4.840000152587891,4.800000190734863,4.820000171661377,64215,0.0,0.0
2023-07-31 14:30:00-04:00,4.820000171661377,4.820000171661377,4.71999979019165,4.760000228881836,101328,0.0,0.0
2023-07-31 15:30:00-04:00,4.75,4.800000190734863,4.699999809265137,4.78000020980835,155619,0.0,0.0
2023-08-01 09:30:00-04:00,4.769999980926514,4.837500095367432,4.699999809265137,4.795000076293945,51104,0.0,0.0
2023-08-01 10:30:00-04:00,4.789999961853027,4.924499988555908,4.78000020980835,4.820000171661377,223232,0.0,0.0
2023-08-01 11:30:00-04:00,4.820000171661377,4.829999923706055,4.789999961853027,4.809999942779541,30598,0.0,0.0
2023-08-01 12:30:00-04:00,4.809999942779541,4.869999885559082,4.760000228881836,4.860000133514404,62104,0.0,0.0
2023-08-01 13:30:00-04:00,4.880000114440918,4.914999961853027,4.869999885559082,4.900000095367432,17383,0.0,0.0
2023-08-01 14:30:00-04:00,4.90749979019165,4.96999979019165,4.90500020980835,4.960000038146973,34581,0.0,0.0
2023-08-01 15:30:00-04:00,4.954899787902832,4.969900131225586,4.829999923706055,4.880000114440918,109927,0.0,0.0
2023-08-02 09:30:00-04:00,4.809999942779541,4.809999942779541,4.610000133514404,4.715000152587891,80140,0.0,0.0
2023-08-02 10:30:00-04:00,4.71999979019165,4.760000228881836,4.699999809265137,4.71999979019165,28945,0.0,0.0
2023-08-02 11:30:00-04:00,4.71999979019165,4.849999904632568,4.710000038146973,4.835000038146973,69772,0.0,0.0
2023-08-02 12:30:00-04:00,4.835000038146973,4.860000133514404,4.769999980926514,4.784999847412109,533750,0.0,0.0
2023-08-02 13:30:00-04:00,4.78000020980835,4.900000095367432,4.739999771118164,4.900000095367432,449969,0.0,0.0
2023-08-02 14:30:00-04:00,4.894999980926514,4.934999942779541,4.880000114440918,4.900000095367432,29338,0.0,0.0
2023-08-02 15:30:00-04:00,4.90500020980835,4.929999828338623,4.880000114440918,4.894999980926514,74710,0.0,0.0
2023-08-03 09:30:00-04:00,4.920000076293945,5.079999923706055,4.809999942779541,5.070000171661377,53566,0.0,0.0
2023-08-03 10:30:00-04:00,5.079999923706055,5.230000019073486,5.050000190734863,5.230000019073486,165861,0.0,0.0
2023-08-03 11:30:00-04:00,5.230000019073486,5.300000190734863,5.190000057220459,5.289999961853027,38449,0.0,0.0
2023-08-03 12:30:00-04:00,5.300000190734863,5.375,5.289999961853027,5.315000057220459,26360,0.0,0.0
2023-08-03 13:30:00-04:00,5.315000057220459,5.324999809265137,5.260000228881836,5.309999942779541,34541,0.0,0.0
2023-08-03 14:30:00-04:00,5.300000190734863,5.300000190734863,5.170000076293945,5.199999809265137,30756,0.0,0.0
2023-08-03 15:30:00-04:00,5.199999809265137,5.260000228881836,5.199999809265137,5.239999771118164,51203,0.0,0.0
2023-08-04 09:30:00-04:00,5.25,5.340000152587891,5.170000076293945,5.329999923706055,42714,0.0,0.0
2023-08-04 10:30:00-04:00,5.340000152587891,5.385000228881836,5.230000019073486,5.269999980926514,27713,0.0,0.0
2023-08-04 11:30:00-04:00,5.260000228881836,5.260000228881836,5.190000057220459,5.230000019073486,30851,0.0,0.0
2023-08-04 12:30:00-04:00,5.239999771118164,5.25,5.170000076293945,5.179999828338623,16845,0.0,0.0
2023-08-04 13:30:00-04:00,5.179999828338623,5.190000057220459,5.110000133514404,5.110000133514404,27614,0.0,0.0
2023-08-04 14:30:00-04:00,5.119999885559082,5.130000114440918,5.079999923706055,5.079999923706055,28857,0.0,0.0
2023-08-04 15:30:00-04:00,5.079999923706055,5.079999923706055,4.989999771118164,5.010000228881836,49953,0.0,0.0
2023-08-07 09:30:00-04:00,5.019999980926514,5.019999980926514,4.659999847412109,4.690000057220459,74588,0.0,0.0
2023-08-07 10:30:00-04:00,4.679999828338623,4.800000190734863,4.644999980926514,4.775000095367432,45800,0.0,0.0
2023-08-07 11:30:00-04:00,4.7795000076293945,4.880000114440918,4.775000095367432,4.869500160217285,42563,0.0,0.0
2023-08-07 12:30:00-04:00,4.86899995803833,4.880000114440918,4.800000190734863,4.800000190734863,14093,0.0,0.0
2023-08-07 13:30:00-04:00,4.789999961853027,4.800000190734863,4.75,4.764999866485596,19462,0.0,0.0
2023-08-07 14:30:00-04:00,4.769999980926514,4.840000152587891,4.739999771118164,4.800000190734863,41544,0.0,0.0
2023-08-07 15:30:00-04:00,4.789999961853027,4.820000171661377,4.769999980926514,4.800000190734863,66762,0.0,0.0
2023-08-08 09:30:00-04:00,4.800000190734863,4.989999771118164,4.710000038146973,4.989999771118164,55692,0.0,0.0
2023-08-08 10:30:00-04:00,4.985000133514404,4.989999771118164,4.875,4.889999866485596,40120,0.0,0.0
2023-08-08 11:30:00-04:00,4.894999980926514,4.909999847412109,4.820000171661377,4.829999923706055,19726,0.0,0.0
2023-08-08 12:30:00-04:00,4.824999809265137,4.849999904632568,4.804999828338623,4.820000171661377,19968,0.0,0.0
2023-08-08 13:30:00-04:00,4.829999923706055,4.869999885559082,4.815000057220459,4.860000133514404,14790,0.0,0.0
2023-08-08 14:30:00-04:00,4.864999771118164,4.889999866485596,4.849999904632568,4.885000228881836,31337,0.0,0.0
2023-08-08 15:30:00-04:00,4.885000228881836,4.929999828338623,4.880000114440918,4.889999866485596,52507,0.0,0.0
2023-08-09 09:30:00-04:00,4.889999866485596,4.960000038146973,4.829999923706055,4.909999847412109,36951,0.0,0.0
2023-08-09 10:30:00-04:00,4.920000076293945,5.0,4.909999847412109,4.974999904632568,33707,0.0,0.0
2023-08-09 11:30:00-04:00,4.96999979019165,4.974999904632568,4.880000114440918,4.929999828338623,25983,0.0,0.0
2023-08-09 12:30:00-04:00,4.920000076293945,4.96999979019165,4.909999847412109,4.96999979019165,23783,0.0,0.0
2023-08-09 13:30:00-04:00,4.96999979019165,5.0,4.96999979019165,4.989999771118164,24051,0.0,0.0
2023-08-09 14:30:00-04:00,4.985000133514404,4.989999771118164,4.929999828338623,4.96999979019165,36235,0.0,0.0
2023-08-09 15:30:00-04:00,4.974999904632568,4.994999885559082,4.875,4.980000019073486,106988,0.0,0.0
2023-08-10 09:30:00-04:00,5.119999885559082,6.449999809265137,5.119999885559082,5.900000095367432,2387420,0.0,0.0
2023-08-10 10:30:00-04:00,5.909999847412109,6.170000076293945,5.75,5.980999946594238,631455,0.0,0.0
2023-08-10 11:30:00-04:00,6.03000020980835,6.449999809265137,6.0289998054504395,6.349899768829346,728773,0.0,0.0
2023-08-10 12:30:00-04:00,6.329999923706055,6.379899978637695,6.019999980926514,6.039999961853027,478239,0.0,0.0
2023-08-10 13:30:00-04:00,6.03000020980835,6.389999866485596,6.03000020980835,6.239999771118164,288772,0.0,0.0
2023-08-10 14:30:00-04:00,6.239999771118164,6.409900188446045,6.190000057220459,6.310200214385986,334967,0.0,0.0
2023-08-10 15:30:00-04:00,6.309999942779541,6.309999942779541,6.099999904632568,6.190000057220459,250612,0.0,0.0
2023-08-11 09:30:00-04:00,6.179999828338623,6.428199768066406,5.929999828338623,6.130000114440918,249929,0.0,0.0
2023-08-11 10:30:00-04:00,6.139999866485596,6.190000057220459,5.849999904632568,5.920000076293945,122328,0.0,0.0
2023-08-11 11:30:00-04:00,5.920000076293945,6.020100116729736,5.889999866485596,5.909999847412109,53350,0.0,0.0
2023-08-11 12:30:00-04:00,5.949999809265137,6.110000133514404,5.945000171661377,6.090000152587891,56820,0.0,0.0
2023-08-11 13:30:00-04:00,6.079999923706055,6.090000152587891,5.989999771118164,6.069799900054932,40734,0.0,0.0
2023-08-11 14:30:00-04:00,6.070000171661377,6.070000171661377,5.910099983215332,5.945000171661377,106549,0.0,0.0
2023-08-11 15:30:00-04:00,5.949999809265137,5.960000038146973,5.860000133514404,5.925000190734863,134531,0.0,0.0
2023-08-14 09:30:00-04:00,5.920000076293945,6.010000228881836,5.75,5.815000057220459,96166,0.0,0.0
2023-08-14 10:30:00-04:00,5.815000057220459,5.849999904632568,5.599999904632568,5.71999979019165,123348,0.0,0.0
2023-08-14 11:30:00-04:00,5.730000019073486,5.730000019073486,5.619999885559082,5.650000095367432,62813,0.0,0.0
2023-08-14 12:30:00-04:00,5.650000095367432,5.739999771118164,5.644999980926514,5.675000190734863,36713,0.0,0.0
2023-08-14 13:30:00-04:00,5.675000190734863,5.690000057220459,5.579999923706055,5.679999828338623,68107,0.0,0.0
2023-08-14 14:30:00-04:00,5.679999828338623,5.699999809265137,5.59499979019165,5.65500020980835,58863,0.0,0.0
2023-08-14 15:30:00-04:00,5.65500020980835,5.65500020980835,5.539999961853027,5.570000171661377,115389,0.0,0.0
2023-08-15 09:30:00-04:00,5.559999942779541,5.605400085449219,5.360000133514404,5.380000114440918,54447,0.0,0.0
2023-08-15 10:30:00-04:00,5.375,5.40500020980835,5.301700115203857,5.340000152587891,36024,0.0,0.0
2023-08-15 11:30:00-04:00,5.360000133514404,5.389999866485596,5.309999942779541,5.320000171661377,22087,0.0,0.0
2023-08-15 12:30:00-04:00,5.324999809265137,5.360000133514404,5.2993998527526855,5.329999923706055,28545,0.0,0.0
2023-08-15 13:30:00-04:00,5.324999809265137,5.364999771118164,5.320000171661377,5.34499979019165,25109,0.0,0.0
2023-08-15 14:30:00-04:00,5.360000133514404,5.375,5.309999942779541,5.360000133514404,37159,0.0,0.0
2023-08-15 15:30:00-04:00,5.360000133514404,5.380000114440918,5.340000152587891,5.355000019073486,68041,0.0,0.0
2023-08-16 09:30:00-04:00,5.309999942779541,5.380000114440918,5.25,5.25,28533,0.0,0.0
2023-08-16 10:30:00-04:00,5.25,5.309999942779541,5.239999771118164,5.284999847412109,17050,0.0,0.0
2023-08-16 11:30:00-04:00,5.289999961853027,5.289999961853027,5.21999979019165,5.235000133514404,19817,0.0,0.0
2023-08-16 12:30:00-04:00,5.230000019073486,5.269999980926514,5.21999979019165,5.251200199127197,12229,0.0,0.0
2023-08-16 13:30:00-04:00,5.255000114440918,5.289999961853027,5.244999885559082,5.289999961853027,10769,0.0,0.0
2023-08-16 14:30:00-04:00,5.295000076293945,5.309999942779541,5.275000095367432,5.289999961853027,18056,0.0,0.0
2023-08-16 15:30:00-04:00,5.269999980926514,5.289999961853027,5.21999979019165,5.224999904632568,37825,0.0,0.0
2023-08-17 09:30:00-04:00,5.21999979019165,5.25,5.039999961853027,5.070000171661377,32995,0.0,0.0
2023-08-17 10:30:00-04:00,5.065000057220459,5.070000171661377,4.954999923706055,4.974999904632568,38328,0.0,0.0
2023-08-17 11:30:00-04:00,4.974999904632568,5.008200168609619,4.934999942779541,5.008200168609619,26202,0.0,0.0
2023-08-17 12:30:00-04:00,5.0,5.0,4.960000038146973,4.960000038146973,16742,0.0,0.0
2023-08-17 13:30:00-04:00,4.965000152587891,4.96999979019165,4.920000076293945,4.934999942779541,13880,0.0,0.0
2023-08-17 14:30:00-04:00,4.940000057220459,4.980000019073486,4.925000190734863,4.974999904632568,21768,0.0,0.0
2023-08-17 15:30:00-04:00,4.974999904632568,4.980000019073486,4.90500020980835,4.934999942779541,39560,0.0,0.0
2023-08-18 09:30:00-04:00,4.869999885559082,5.010000228881836,4.789999961853027,4.949999809265137,43303,0.0,0.0
2023-08-18 10:30:00-04:00,4.960000038146973,5.010000228881836,4.880000114440918,5.0,49715,0.0,0.0
2023-08-18 11:30:00-04:00,5.0,5.050000190734863,5.0,5.019999980926514,20402,0.0,0.0
2023-08-18 12:30:00-04:00,5.019999980926514,5.039999961853027,4.949999809265137,4.960000038146973,16902,0.0,0.0
2023-08-18 13:30:00-04:00,4.960000038146973,5.0,4.960000038146973,4.980000019073486,16035,0.0,0.0
2023-08-18 14:30:00-04:00,4.974999904632568,4.989999771118164,4.949999809265137,4.954999923706055,17443,0.0,0.0
2023-08-18 15:30:00-04:00,4.954999923706055,4.96999979019165,4.934999942779541,4.949999809265137,46931,0.0,0.0
2023-08-21 09:30:00-04:00,4.929999828338623,4.929999828338623,4.739999771118164,4.836299896240234,35931,0.0,0.0
2023-08-21 10:30:00-04:00,4.840000152587891,5.019999980926514,4.840000152587891,4.96999979019165,42978,0.0,0.0
2023-08-21 11:30:00-04:00,4.980000019073486,5.0,4.949999809265137,4.989999771118164,20682,0.0,0.0
2023-08-21 12:30:00-04:00,5.0,5.119999885559082,4.980000019073486,5.059999942779541,46680,0.0,0.0
2023-08-21 13:30:00-04:00,5.070000171661377,5.130000114440918,5.059999942779541,5.119999885559082,23595,0.0,0.0
2023-08-21 14:30:00-04:00,5.130000114440918,5.15500020980835,5.099999904632568,5.130000114440918,55996,0.0,0.0
2023-08-21 15:30:00-04:00,5.130000114440918,5.170000076293945,5.110000133514404,5.144999980926514,81284,0.0,0.0
2023-08-22 09:30:00-04:00,5.150000095367432,5.21999979019165,5.099999904632568,5.130000114440918,15765,0.0,0.0
2023-08-22 10:30:00-04:00,5.130000114440918,5.300000190734863,5.130000114440918,5.28000020980835,29063,0.0,0.0
2023-08-22 11:30:00-04:00,5.269999980926514,5.28000020980835,5.179999828338623,5.190000057220459,23499,0.0,0.0
2023-08-22 12:30:00-04:00,5.190000057220459,5.210000038146973,5.164999961853027,5.210000038146973,21220,0.0,0.0
2023-08-22 13:30:00-04:00,5.210000038146973,5.239999771118164,5.130000114440918,5.239999771118164,52876,0.0,0.0
2023-08-22 14:30:00-04:00,5.230000019073486,5.264999866485596,5.21999979019165,5.239999771118164,33752,0.0,0.0
2023-08-22 15:30:00-04:00,5.25,5.260000228881836,5.170000076293945,5.230000019073486,69214,0.0,0.0
2023-08-23 09:30:00-04:00,5.25,5.433800220489502,5.230000019073486,5.369999885559082,44426,0.0,0.0
2023-08-23 10:30:00-04:00,5.369999885559082,5.440000057220459,5.34499979019165,5.440000057220459,18345,0.0,0.0
2023-08-23 11:30:00-04:00,5.440000057220459,5.440000057220459,5.400000095367432,5.4095001220703125,14201,0.0,0.0
2023-08-23 12:30:00-04:00,5.409999847412109,5.429999828338623,5.375,5.409999847412109,17884,0.0,0.0
2023-08-23 13:30:00-04:00,5.409999847412109,5.409999847412109,5.269999980926514,5.275000095367432,12775,0.0,0.0
2023-08-23 14:30:00-04:00,5.275000095367432,5.349999904632568,5.260000228881836,5.324999809265137,29287,0.0,0.0
2023-08-23 15:30:00-04:00,5.324999809265137,5.335000038146973,5.230000019073486,5.260000228881836,80275,0.0,0.0
2023-08-24 09:30:00-04:00,5.25,5.289999961853027,5.150000095367432,5.210000038146973,24504,0.0,0.0
2023-08-24 10:30:00-04:00,5.203999996185303,5.25,5.170000076293945,5.170000076293945,14324,0.0,0.0
2023-08-24 11:30:00-04:00,5.170000076293945,5.190000057220459,5.150000095367432,5.190000057220459,13068,0.0,0.0
2023-08-24 12:30:00-04:00,5.179999828338623,5.190000057220459,5.139999866485596,5.150000095367432,13482,0.0,0.0
2023-08-24 13:30:00-04:00,5.130000114440918,5.175000190734863,5.130000114440918,5.170000076293945,10629,0.0,0.0
2023-08-24 14:30:00-04:00,5.159999847412109,5.179999828338623,5.112500190734863,5.125,24940,0.0,0.0
2023-08-24 15:30:00-04:00,5.125,5.130000114440918,5.050000190734863,5.059999942779541,41690,0.0,0.0
2023-08-25 09:30:00-04:00,5.070000171661377,5.150000095367432,4.989999771118164,5.0,30782,0.0,0.0
2023-08-25 10:30:00-04:00,4.999899864196777,5.039999961853027,4.989999771118164,5.039999961853027,22796,0.0,0.0
2023-08-25 11:30:00-04:00,5.039999961853027,5.050000190734863,5.0,5.050000190734863,14199,0.0,0.0
2023-08-25 12:30:00-04:00,5.050000190734863,5.059999942779541,5.025000095367432,5.054999828338623,12647,0.0,0.0
2023-08-25 13:30:00-04:00,5.059999942779541,5.099800109863281,5.054999828338623,5.085000038146973,19798,0.0,0.0
2023-08-25 14:30:00-04:00,5.079999923706055,5.079999923706055,5.050000190734863,5.074999809265137,13040,0.0,0.0
2023-08-25 15:30:00-04:00,5.070000171661377,5.074999809265137,5.03000020980835,5.040999889373779,40651,0.0,0.0
2023-08-28 09:30:00-04:00,5.110000133514404,5.159999847412109,5.050000190734863,5.079999923706055,33675,0.0,0.0
2023-08-28 10:30:00-04:00,5.079999923706055,5.090000152587891,5.050000190734863,5.065000057220459,20152,0.0,0.0
2023-08-28 11:30:00-04:00,5.079999923706055,5.09499979019165,5.059999942779541,5.085000038146973,13536,0.0,0.0
2023-08-28 12:30:00-04:00,5.110000133514404,5.119999885559082,5.065000057220459,5.070000171661377,25217,0.0,0.0
2023-08-28 13:30:00-04:00,5.065000057220459,5.090000152587891,5.050000190734863,5.079999923706055,40667,0.0,0.0
2023-08-28 14:30:00-04:00,5.09499979019165,5.110000133514404,5.059999942779541,5.065000057220459,22948,0.0,0.0
2023-08-28 15:30:00-04:00,5.070000171661377,5.089200019836426,5.025000095367432,5.070000171661377,67850,0.0,0.0
2023-08-29 09:30:00-04:00,5.070000171661377,5.130000114440918,5.039999961853027,5.070000171661377,27918,0.0,0.0
2023-08-29 10:30:00-04:00,5.054999828338623,5.059999942779541,5.014999866485596,5.014999866485596,19661,0.0,0.0
2023-08-29 11:30:00-04:00,5.0,5.070000171661377,5.0,5.070000171661377,17499,0.0,0.0
2023-08-29 12:30:00-04:00,5.074999809265137,5.079999923706055,5.050000190734863,5.059999942779541,11339,0.0,0.0
2023-08-29 13:30:00-04:00,5.050000190734863,5.059999942779541,5.025000095367432,5.025000095367432,10116,0.0,0.0
2023-08-29 14:30:00-04:00,5.019999980926514,5.050000190734863,5.010000228881836,5.010000228881836,19282,0.0,0.0
2023-08-29 15:30:00-04:00,5.014999866485596,5.019999980926514,4.960000038146973,4.96999979019165,50603,0.0,0.0
2023-08-30 09:30:00-04:00,4.949999809265137,4.960000038146973,4.860000133514404,4.860000133514404,42501,0.0,0.0
2023-08-30 10:30:00-04:00,4.866000175476074,4.90500020980835,4.840000152587891,4.900000095367432,19852,0.0,0.0
2023-08-30 11:30:00-04:00,4.90500020980835,4.934999942779541,4.889999866485596,4.894999980926514,18552,0.0,0.0
2023-08-30 12:30:00-04:00,4.894999980926514,4.894999980926514,4.84499979019165,4.864999771118164,26862,0.0,0.0
2023-08-30 13:30:00-04:00,4.864999771118164,4.940000057220459,4.864999771118164,4.914999961853027,27635,0.0,0.0
2023-08-30 14:30:00-04:00,4.920000076293945,4.929999828338623,4.869999885559082,4.900000095367432,52484,0.0,0.0
2023-08-30 15:30:00-04:00,4.909999847412109,4.909999847412109,4.875,4.889999866485596,62458,0.0,0.0
2023-08-31 09:30:00-04:00,4.889999866485596,4.909999847412109,4.784999847412109,4.821199893951416,41971,0.0,0.0
2023-08-31 10:30:00-04:00,4.809999942779541,4.820000171661377,4.769999980926514,4.804999828338623,33020,0.0,0.0
2023-08-31 11:30:00-04:00,4.800000190734863,4.804999828338623,4.75,4.78000020980835,33460,0.0,0.0
2023-08-31 12:30:00-04:00,4.789999961853027,4.789999961853027,4.710000038146973,4.75,36455,0.0,0.0
2023-08-31 13:30:00-04:00,4.730000019073486,4.739999771118164,4.710000038146973,4.710000038146973,14212,0.0,0.0
2023-08-31 14:30:00-04:00,4.710000038146973,4.730000019073486,4.690000057220459,4.690999984741211,47965,0.0,0.0
2023-08-31 15:30:00-04:00,4.695000171661377,4.699999809265137,4.650000095367432,4.659999847412109,68890,0.0,0.0
2023-09-01 09:30:00-04:00,4.760000228881836,4.880000114440918,4.710000038146973,4.855000019073486,33961,0.0,0.0
2023-09-01 10:30:00-04:00,4.849999904632568,4.849999904632568,4.780099868774414,4.795000076293945,19375,0.0,0.0
2023-09-01 11:30:00-04:00,4.789999961853027,4.860000133514404,4.769999980926514,4.849999904632568,44391,0.0,0.0
2023-09-01 12:30:00-04:00,4.84499979019165,4.860000133514404,4.800000190734863,4.815000057220459,15682,0.0,0.0
2023-09-01 13:30:00-04:00,4.820000171661377,4.835000038146973,4.809999942779541,4.829999923706055,15776,0.0,0.0
2023-09-01 14:30:00-04:00,4.820000171661377,4.829999923706055,4.769999980926514,4.824999809265137,40570,0.0,0.0
2023-09-01 15:30:00-04:00,4.820000171661377,4.869999885559082,4.809999942779541,4.869999885559082,52434,0.0,0.0
2023-09-05 09:30:00-04:00,5.010000228881836,5.170000076293945,4.949999809265137,5.03000020980835,858448,0.0,0.0
2023-09-05 10:30:00-04:00,5.019999980926514,5.019999980926514,4.889999866485596,4.934999942779541,30001,0.0,0.0
2023-09-05 11:30:00-04:00,4.929999828338623,4.965000152587891,4.909999847412109,4.914999961853027,49151,0.0,0.0
2023-09-05 12:30:00-04:00,4.914999961853027,5.105000019073486,4.90500020980835,5.090000152587891,72807,0.0,0.0
2023-09-05 13:30:00-04:00,5.099999904632568,5.150000095367432,5.074999809265137,5.099999904632568,48462,0.0,0.0
2023-09-05 14:30:00-04:00,5.090000152587891,5.175000190734863,5.03000020980835,5.170000076293945,99588,0.0,0.0
2023-09-05 15:30:00-04:00,5.170000076293945,5.190000057220459,4.949999809265137,5.090000152587891,314771,0.0,0.0
2023-09-06 09:30:00-04:00,5.090000152587891,5.244999885559082,5.079999923706055,5.190000057220459,63060,0.0,0.0
2023-09-06 10:30:00-04:00,5.156000137329102,5.199999809265137,5.139999866485596,5.159900188446045,30880,0.0,0.0
2023-09-06 11:30:00-04:00,5.15500020980835,5.21999979019165,5.070000171661377,5.070000171661377,26257,0.0,0.0
2023-09-06 12:30:00-04:00,5.059999942779541,5.070000171661377,5.0416998863220215,5.055500030517578,30343,0.0,0.0
2023-09-06 13:30:00-04:00,5.059999942779541,5.119999885559082,5.050000190734863,5.119999885559082,22373,0.0,0.0
2023-09-06 14:30:00-04:00,5.114999771118164,5.139999866485596,5.110000133514404,5.135000228881836,18001,0.0,0.0
2023-09-06 15:30:00-04:00,5.139999866485596,5.199999809265137,5.050000190734863,5.190000057220459,128766,0.0,0.0
2023-09-07 09:30:00-04:00,5.179999828338623,5.210000038146973,5.050000190734863,5.210000038146973,31483,0.0,0.0
2023-09-07 10:30:00-04:00,5.199999809265137,5.210000038146973,5.159999847412109,5.170000076293945,23688,0.0,0.0
2023-09-07 11:30:00-04:00,5.170000076293945,5.179999828338623,5.010000228881836,5.014999866485596,19090,0.0,0.0
2023-09-07 12:30:00-04:00,5.019999980926514,5.019999980926514,4.909999847412109,4.920000076293945,31459,0.0,0.0
2023-09-07 13:30:00-04:00,4.920000076293945,5.210000038146973,4.920000076293945,5.204999923706055,99265,0.0,0.0
2023-09-07 14:30:00-04:00,5.199999809265137,5.389900207519531,5.199999809265137,5.364999771118164,186966,0.0,0.0
2023-09-07 15:30:00-04:00,5.369999885559082,5.394999980926514,5.170000076293945,5.269999980926514,280571,0.0,0.0
2023-09-08 09:30:00-04:00,5.28000020980835,5.315000057220459,5.139999866485596,5.300000190734863,38506,0.0,0.0
2023-09-08 10:30:00-04:00,5.309999942779541,5.380000114440918,5.199999809265137,5.199999809265137,19858,0.0,0.0
2023-09-08 11:30:00-04:00,5.190000057220459,5.21999979019165,5.175000190734863,5.199999809265137,19107,0.0,0.0
2023-09-08 12:30:00-04:00,5.199999809265137,5.21999979019165,5.199999809265137,5.21999979019165,10341,0.0,0.0
2023-09-08 13:30:00-04:00,5.230000019073486,5.230000019073486,5.099999904632568,5.099999904632568,28076,0.0,0.0
2023-09-08 14:30:00-04:00,5.1072001457214355,5.107500076293945,5.070000171661377,5.074999809265137,23897,0.0,0.0
2023-09-08 15:30:00-04:00,5.074999809265137,5.139999866485596,5.0,5.125,114803,0.0,0.0
2023-09-11 09:30:00-04:00,5.119999885559082,5.215000152587891,5.079999923706055,5.190000057220459,43411,0.0,0.0
2023-09-11 10:30:00-04:00,5.190000057220459,5.230000019073486,5.139999866485596,5.150000095367432,28130,0.0,0.0
2023-09-11 11:30:00-04:00,5.150000095367432,5.170000076293945,5.130000114440918,5.170000076293945,13785,0.0,0.0
2023-09-11 12:30:00-04:00,5.164999961853027,5.239999771118164,5.164999961853027,5.204999923706055,27239,0.0,0.0
2023-09-11 13:30:00-04:00,5.199999809265137,5.239999771118164,5.184999942779541,5.215000152587891,17770,0.0,0.0
2023-09-11 14:30:00-04:00,5.21999979019165,5.235000133514404,5.215000152587891,5.235000133514404,15528,0.0,0.0
2023-09-11 15:30:00-04:00,5.235000133514404,5.5,5.235000133514404,5.429999828338623,383378,0.0,0.0
2023-09-12 09:30:00-04:00,5.420000076293945,5.46999979019165,5.190000057220459,5.190000057220459,67546,0.0,0.0
2023-09-12 10:30:00-04:00,5.190000057220459,5.199999809265137,4.961699962615967,5.059999942779541,111793,0.0,0.0
2023-09-12 11:30:00-04:00,5.050000190734863,5.114999771118164,5.025000095367432,5.034999847412109,39845,0.0,0.0
2023-09-12 12:30:00-04:00,5.03000020980835,5.079999923706055,5.014999866485596,5.054999828338623,34372,0.0,0.0
2023-09-12 13:30:00-04:00,5.059000015258789,5.065000057220459,4.96999979019165,5.03000020980835,66820,0.0,0.0
2023-09-12 14:30:00-04:00,5.019999980926514,5.079999923706055,5.019999980926514,5.045000076293945,45398,0.0,0.0
2023-09-12 15:30:00-04:00,5.039999961853027,5.050000190734863,4.940000057220459,4.949999809265137,136555,0.0,0.0
2023-09-13 09:30:00-04:00,4.940000057220459,5.050000190734863,4.840000152587891,4.949999809265137,54168,0.0,0.0
2023-09-13 10:30:00-04:00,4.949999809265137,4.949999809265137,4.860000133514404,4.869999885559082,26762,0.0,0.0
2023-09-13 11:30:00-04:00,4.869999885559082,4.920000076293945,4.864999771118164,4.885000228881836,30782,0.0,0.0
2023-09-13 12:30:00-04:00,4.869999885559082,4.869999885559082,4.760000228881836,4.809999942779541,62479,0.0,0.0
2023-09-13 13:30:00-04:00,4.819499969482422,4.885000228881836,4.819499969482422,4.849999904632568,53205,0.0,0.0
2023-09-13 14:30:00-04:00,4.849999904632568,4.864999771118164,4.78000020980835,4.820000171661377,52038,0.0,0.0
2023-09-13 15:30:00-04:00,4.829999923706055,4.860000133514404,4.824999809265137,4.860000133514404,60451,0.0,0.0
2023-09-14 09:30:00-04:00,4.840000152587891,4.900000095367432,4.770100116729736,4.889999866485596,43814,0.0,0.0
2023-09-14 10:30:00-04:00,4.900000095367432,4.960000038146973,4.885000228881836,4.929999828338623,43155,0.0,0.0
2023-09-14 11:30:00-04:00,4.934999942779541,4.949999809265137,4.840000152587891,4.849999904632568,25621,0.0,0.0
2023-09-14 12:30:00-04:00,4.849999904632568,4.869999885559082,4.824999809265137,4.869999885559082,18433,0.0,0.0
2023-09-14 13:30:00-04:00,4.869999885559082,4.894999980926514,4.829999923706055,4.880000114440918,25028,0.0,0.0
2023-09-14 14:30:00-04:00,4.869999885559082,4.920000076293945,4.840000152587891,4.885000228881836,33402,0.0,0.0
2023-09-14 15:30:00-04:00,4.880000114440918,4.940000057220459,4.855000019073486,4.855000019073486,77186,0.0,0.0
2023-09-15 09:30:00-04:00,4.880000114440918,4.889999866485596,4.800000190734863,4.81689977645874,88251,0.0,0.0
2023-09-15 10:30:00-04:00,4.820000171661377,4.840000152587891,4.78000020980835,4.789999961853027,21773,0.0,0.0
2023-09-15 11:30:00-04:00,4.78000020980835,4.78000020980835,4.716000080108643,4.71999979019165,41496,0.0,0.0
2023-09-15 12:30:00-04:00,4.710000038146973,4.730000019073486,4.690000057220459,4.699999809265137,15973,0.0,0.0
2023-09-15 13:30:00-04:00,4.699999809265137,4.739999771118164,4.690000057220459,4.739999771118164,27905,0.0,0.0
2023-09-15 14:30:00-04:00,4.7399001121521,4.7399001121521,4.659999847412109,4.679900169372559,33438,0.0,0.0
2023-09-15 15:30:00-04:00,4.670000076293945,4.679999828338623,4.639999866485596,4.659999847412109,45709,0.0,0.0
2023-09-18 09:30:00-04:00,4.650000095367432,4.670000076293945,4.539999961853027,4.579999923706055,45456,0.0,0.0
2023-09-18 10:30:00-04:00,4.570000171661377,4.679999828338623,4.539999961853027,4.679999828338623,40801,0.0,0.0
2023-09-18 11:30:00-04:00,4.682400226593018,4.695000171661377,4.599999904632568,4.599999904632568,25403,0.0,0.0
2023-09-18 12:30:00-04:00,4.59499979019165,4.625,4.550000190734863,4.619999885559082,35467,0.0,0.0
2023-09-18 13:30:00-04:00,4.629499912261963,4.650000095367432,4.559999942779541,4.565000057220459,39696,0.0,0.0
2023-09-18 14:30:00-04:00,4.559999942779541,4.599999904632568,4.554999828338623,4.554999828338623,33611,0.0,0.0
2023-09-18 15:30:00-04:00,4.554999828338623,4.579999923706055,4.539999961853027,4.574999809265137,56793,0.0,0.0
2023-09-19 09:30:00-04:00,4.570000171661377,4.639999866485596,4.519999980926514,4.619999885559082,42078,0.0,0.0
2023-09-19 10:30:00-04:00,4.619999885559082,4.630000114440918,4.550000190734863,4.550000190734863,33091,0.0,0.0
2023-09-19 11:30:00-04:00,4.545000076293945,4.565000057220459,4.53000020980835,4.539999961853027,14698,0.0,0.0
2023-09-19 12:30:00-04:00,4.539999961853027,4.570000171661377,4.519999980926514,4.519999980926514,21296,0.0,0.0
2023-09-19 13:30:00-04:00,4.525899887084961,4.539999961853027,4.489999771118164,4.527500152587891,34654,0.0,0.0
2023-09-19 14:30:00-04:00,4.519999980926514,4.545000076293945,4.514999866485596,4.539999961853027,24665,0.0,0.0
2023-09-19 15:30:00-04:00,4.539999961853027,4.590000152587891,4.539999961853027,4.590000152587891,53247,0.0,0.0
2023-09-20 09:30:00-04:00,4.599999904632568,4.659999847412109,4.520100116729736,4.579999923706055,18523,0.0,0.0
2023-09-20 10:30:00-04:00,4.573999881744385,4.639999866485596,4.573999881744385,4.619999885559082,18583,0.0,0.0
2023-09-20 11:30:00-04:00,4.610000133514404,4.650000095367432,4.599999904632568,4.630000114440918,17833,0.0,0.0
2023-09-20 12:30:00-04:00,4.639999866485596,4.644999980926514,4.579999923706055,4.625,25333,0.0,0.0
2023-09-20 13:30:00-04:00,4.630000114440918,4.639999866485596,4.599999904632568,4.619999885559082,9607,0.0,0.0
2023-09-20 14:30:00-04:00,4.610000133514404,4.610000133514404,4.53000020980835,4.550000190734863,22816,0.0,0.0
2023-09-20 15:30:00-04:00,4.550000190734863,4.574999809265137,4.525000095367432,4.550000190734863,61543,0.0,0.0
2023-09-21 09:30:00-04:00,4.550000190734863,4.570000171661377,4.480000019073486,4.570000171661377,45159,0.0,0.0
2023-09-21 10:30:00-04:00,4.559999942779541,4.610000133514404,4.539999961853027,4.559999942779541,30462,0.0,0.0
2023-09-21 11:30:00-04:00,4.559999942779541,4.585000038146973,4.539999961853027,4.585000038146973,23782,0.0,0.0
2023-09-21 12:30:00-04:00,4.579999923706055,4.630000114440918,4.579999923706055,4.610000133514404,22678,0.0,0.0
2023-09-21 13:30:00-04:00,4.610000133514404,4.639999866485596,4.599999904632568,4.625,29058,0.0,0.0
2023-09-21 14:30:00-04:00,4.625,4.670000076293945,4.619999885559082,4.670000076293945,38366,0.0,0.0
2023-09-21 15:30:00-04:00,4.670000076293945,4.699999809265137,4.644999980926514,4.684999942779541,82882,0.0,0.0
2023-09-22 09:30:00-04:00,4.710000038146973,4.710000038146973,4.579999923706055,4.664999961853027,46046,0.0,0.0
2023-09-22 10:30:00-04:00,4.664999961853027,4.699999809265137,4.630000114440918,4.699999809265137,36980,0.0,0.0
2023-09-22 11:30:00-04:00,4.699999809265137,4.715000152587891,4.650000095367432,4.679999828338623,25881,0.0,0.0
2023-09-22 12:30:00-04:00,4.690000057220459,4.690000057220459,4.625,4.650000095367432,28708,0.0,0.0
2023-09-22 13:30:00-04:00,4.650000095367432,4.664999961853027,4.630000114440918,4.65500020980835,35254,0.0,0.0
2023-09-22 14:30:00-04:00,4.650000095367432,4.664999961853027,4.630000114440918,4.650000095367432,23846,0.0,0.0
2023-09-22 15:30:00-04:00,4.65500020980835,4.679999828338623,4.650000095367432,4.670000076293945,50984,0.0,0.0
2023-09-25 09:30:00-04:00,4.639999866485596,4.639999866485596,4.46999979019165,4.539999961853027,50418,0.0,0.0
2023-09-25 10:30:00-04:00,4.53000020980835,4.579999923706055,4.510000228881836,4.570000171661377,38894,0.0,0.0
2023-09-25 11:30:00-04:00,4.559999942779541,4.59499979019165,4.534999847412109,4.579999923706055,26538,0.0,0.0
2023-09-25 12:30:00-04:00,4.579999923706055,4.610000133514404,4.550000190734863,4.574999809265137,49053,0.0,0.0
2023-09-25 13:30:00-04:00,4.579999923706055,4.599999904632568,4.5605998039245605,4.574999809265137,20350,0.0,0.0
2023-09-25 14:30:00-04:00,4.574999809265137,4.59499979019165,4.554999828338623,4.585000038146973,56174,0.0,0.0
2023-09-25 15:30:00-04:00,4.585000038146973,4.619999885559082,4.585000038146973,4.610000133514404,65744,0.0,0.0
2023-09-26 09:30:00-04:00,4.599999904632568,4.809999942779541,4.599999904632568,4.800000190734863,47787,0.0,0.0
2023-09-26 10:30:00-04:00,4.809999942779541,4.820000171661377,4.769999980926514,4.78000020980835,40815,0.0,0.0
2023-09-26 11:30:00-04:00,4.784999847412109,4.809999942779541,4.769999980926514,4.789999961853027,30998,0.0,0.0
2023-09-26 12:30:00-04:00,4.789999961853027,4.800000190734863,4.735000133514404,4.789999961853027,47071,0.0,0.0
2023-09-26 13:30:00-04:00,4.795000076293945,4.820000171661377,4.789999961853027,4.809999942779541,36122,0.0,0.0
2023-09-26 14:30:00-04:00,4.815000057220459,4.835000038146973,4.789999961853027,4.804999828338623,52674,0.0,0.0
2023-09-26 15:30:00-04:00,4.800099849700928,4.809999942779541,4.735000133514404,4.769999980926514,63913,0.0,0.0
2023-09-27 09:30:00-04:00,4.800000190734863,4.86899995803833,4.800000190734863,4.824999809265137,34115,0.0,0.0
2023-09-27 10:30:00-04:00,4.849999904632568,4.849999904632568,4.809999942779541,4.829999923706055,33066,0.0,0.0
2023-09-27 11:30:00-04:00,4.829999923706055,4.849999904632568,4.661799907684326,4.679999828338623,45309,0.0,0.0
2023-09-27 12:30:00-04:00,4.679999828338623,4.75,4.679999828338623,4.704999923706055,34006,0.0,0.0
2023-09-27 13:30:00-04:00,4.710000038146973,4.735000133514404,4.694699764251709,4.704999923706055,30850,0.0,0.0
2023-09-27 14:30:00-04:00,4.710000038146973,4.724999904632568,4.690800189971924,4.699999809265137,30414,0.0,0.0
2023-09-27 15:30:00-04:00,4.695000171661377,4.710000038146973,4.675000190734863,4.710000038146973,50735,0.0,0.0
2023-09-28 09:30:00-04:00,4.710000038146973,4.710000038146973,4.599999904632568,4.619999885559082,56155,0.0,0.0
2023-09-28 10:30:00-04:00,4.610000133514404,4.659999847412109,4.610000133514404,4.650000095367432,52967,0.0,0.0
2023-09-28 11:30:00-04:00,4.664999961853027,4.710000038146973,4.664999961853027,4.690000057220459,27694,0.0,0.0
2023-09-28 12:30:00-04:00,4.690000057220459,4.690000057220459,4.630000114440918,4.659999847412109,34089,0.0,0.0
2023-09-28 13:30:00-04:00,4.659999847412109,4.659999847412109,4.644999980926514,4.650000095367432,18492,0.0,0.0
2023-09-28 14:30:00-04:00,4.650000095367432,4.659999847412109,4.639999866485596,4.650000095367432,27182,0.0,0.0
2023-09-28 15:30:00-04:00,4.650000095367432,4.675000190734863,4.59499979019165,4.670000076293945,63138,0.0,0.0
2023-09-29 09:30:00-04:00,4.690000057220459,4.699999809265137,4.539999961853027,4.539999961853027,37428,0.0,0.0
2023-09-29 10:30:00-04:00,4.545000076293945,4.610000133514404,4.545000076293945,4.59499979019165,36469,0.0,0.0
2023-09-29 11:30:00-04:00,4.59499979019165,4.605000019073486,4.534999847412109,4.599999904632568,39119,0.0,0.0
2023-09-29 12:30:00-04:00,4.610000133514404,4.619999885559082,4.590000152587891,4.605000019073486,19725,0.0,0.0
2023-09-29 13:30:00-04:00,4.599999904632568,4.659999847412109,4.59499979019165,4.610000133514404,29795,0.0,0.0
2023-09-29 14:30:00-04:00,4.605000019073486,4.659999847412109,4.599999904632568,4.650000095367432,36763,0.0,0.0
2023-09-29 15:30:00-04:00,4.65500020980835,4.679999828338623,4.635000228881836,4.659999847412109,59805,0.0,0.0
2023-10-02 09:30:00-04:00,4.650000095367432,4.650000095367432,4.46999979019165,4.489999771118164,68548,0.0,0.0
2023-10-02 10:30:00-04:00,4.49399995803833,4.519999980926514,4.474999904632568,4.510000228881836,55184,0.0,0.0
2023-10-02 11:30:00-04:00,4.510000228881836,4.510000228881836,4.46999979019165,4.474999904632568,47930,0.0,0.0
2023-10-02 12:30:00-04:00,4.474999904632568,4.474999904632568,4.340000152587891,4.355000019073486,69001,0.0,0.0
2023-10-02 13:30:00-04:00,4.349999904632568,4.355000019073486,4.309999942779541,4.320000171661377,58912,0.0,0.0
2023-10-02 14:30:00-04:00,4.320000171661377,4.460000038146973,4.300000190734863,4.460000038146973,129250,0.0,0.0
2023-10-02 15:30:00-04:00,4.460000038146973,4.5,4.449999809265137,4.480000019073486,203073,0.0,0.0
2023-10-03 09:30:00-04:00,4.449999809265137,4.460000038146973,4.289999961853027,4.425000190734863,82002,0.0,0.0
2023-10-03 10:30:00-04:00,4.425000190734863,4.429999828338623,4.340000152587891,4.400000095367432,54865,0.0,0.0
2023-10-03 11:30:00-04:00,4.400000095367432,4.429999828338623,4.389999866485596,4.425000190734863,36281,0.0,0.0
2023-10-03 12:30:00-04:00,4.429999828338623,4.497600078582764,4.4268999099731445,4.449999809265137,49677,0.0,0.0
2023-10-03 13:30:00-04:00,4.449999809265137,4.460000038146973,4.409999847412109,4.434999942779541,35302,0.0,0.0
2023-10-03 14:30:00-04:00,4.434999942779541,4.519999980926514,4.434999942779541,4.46999979019165,36693,0.0,0.0
2023-10-03 15:30:00-04:00,4.465000152587891,4.510000228881836,4.449999809265137,4.505000114440918,76876,0.0,0.0
2023-10-04 09:30:00-04:00,4.5,4.599999904632568,4.429999828338623,4.525000095367432,95326,0.0,0.0
2023-10-04 10:30:00-04:00,4.519999980926514,4.679999828338623,4.465000152587891,4.659999847412109,185634,0.0,0.0
2023-10-04 11:30:00-04:00,4.659999847412109,4.710000038146973,4.570000171661377,4.650000095367432,165304,0.0,0.0
2023-10-04 12:30:00-04:00,4.650000095367432,4.699999809265137,4.619999885559082,4.650000095367432,45227,0.0,0.0
2023-10-04 13:30:00-04:00,4.670000076293945,4.71999979019165,4.659999847412109,4.684999942779541,93166,0.0,0.0
2023-10-04 14:30:00-04:00,4.684999942779541,4.75,4.610000133514404,4.739999771118164,1371585,0.0,0.0
2023-10-04 15:30:00-04:00,4.744999885559082,4.889999866485596,4.670000076293945,4.670000076293945,370984,0.0,0.0
2023-10-05 09:30:00-04:00,4.71999979019165,4.840000152587891,4.629000186920166,4.710000038146973,103247,0.0,0.0
2023-10-05 10:30:00-04:00,4.699999809265137,4.78000020980835,4.644999980926514,4.764999866485596,46692,0.0,0.0
2023-10-05 11:30:00-04:00,4.769999980926514,4.804999828338623,4.71999979019165,4.800000190734863,30346,0.0,0.0
2023-10-05 12:30:00-04:00,4.809999942779541,4.820000171661377,4.75,4.789999961853027,26887,0.0,0.0
2023-10-05 13:30:00-04:00,4.789999961853027,4.860000133514404,4.789999961853027,4.84499979019165,73712,0.0,0.0
2023-10-05 14:30:00-04:00,4.84499979019165,4.909999847412109,4.840000152587891,4.885000228881836,91109,0.0,0.0
2023-10-05 15:30:00-04:00,4.885000228881836,4.889999866485596,4.78000020980835,4.78000020980835,185744,0.0,0.0
2023-10-06 09:30:00-04:00,4.78000020980835,4.869999885559082,4.619999885559082,4.639999866485596,222172,0.0,0.0
2023-10-06 10:30:00-04:00,4.649899959564209,4.769999980926514,4.590000152587891,4.769999980926514,35259,0.0,0.0
2023-10-06 11:30:00-04:00,4.769999980926514,4.809999942779541,4.71999979019165,4.78000020980835,34242,0.0,0.0
2023-10-06 12:30:00-04:00,4.760000228881836,4.789999961853027,4.741000175476074,4.789999961853027,22898,0.0,0.0
2023-10-06 13:30:00-04:00,4.784999847412109,4.800000190734863,4.760000228881836,4.789999961853027,28760,0.0,0.0
2023-10-06 14:30:00-04:00,4.800000190734863,4.800000190734863,4.75,4.764999866485596,21991,0.0,0.0
2023-10-06 15:30:00-04:00,4.769999980926514,4.784999847412109,4.755000114440918,4.769999980926514,48513,0.0,0.0
2023-10-09 09:30:00-04:00,4.710000038146973,4.789999961853027,4.639999866485596,4.644999980926514,89781,0.0,0.0
2023-10-09 10:30:00-04:00,4.644999980926514,4.715000152587891,4.644999980926514,4.710000038146973,21821,0.0,0.0
2023-10-09 11:30:00-04:00,4.704999923706055,4.704999923706055,4.650000095367432,4.659999847412109,19438,0.0,0.0
2023-10-09 12:30:00-04:00,4.664999961853027,4.670000076293945,4.644999980926514,4.659999847412109,34578,0.0,0.0
2023-10-09 13:30:00-04:00,4.664999961853027,4.730000019073486,4.664999961853027,4.730000019073486,40391,0.0,0.0
2023-10-09 14:30:00-04:00,4.735000133514404,4.759500026702881,4.699999809265137,4.724999904632568,51272,0.0,0.0
2023-10-09 15:30:00-04:00,4.724999904632568,4.744999885559082,4.71999979019165,4.735000133514404,71738,0.0,0.0
2023-10-10 09:30:00-04:00,4.71999979019165,4.789999961853027,4.710000038146973,4.730000019073486,31917,0.0,0.0
2023-10-10 10:30:00-04:00,4.739999771118164,4.920000076293945,4.730000019073486,4.889999866485596,64096,0.0,0.0
2023-10-10 11:30:00-04:00,4.900000095367432,4.909999847412109,4.760000228881836,4.809999942779541,55722,0.0,0.0
2023-10-10 12:30:00-04:00,4.824999809265137,4.909999847412109,4.824999809265137,4.885000228881836,22469,0.0,0.0
2023-10-10 13:30:00-04:00,4.885000228881836,4.989999771118164,4.885000228881836,4.960000038146973,57627,0.0,0.0
2023-10-10 14:30:00-04:00,4.949999809265137,4.989999771118164,4.949999809265137,4.976600170135498,24188,0.0,0.0
2023-10-10 15:30:00-04:00,4.974999904632568,5.03000020980835,4.974999904632568,5.010000228881836,68865,0.0,0.0
2023-10-11 09:30:00-04:00,5.0,5.089200019836426,4.929999828338623,4.940000057220459,20422,0.0,0.0
2023-10-11 10:30:00-04:00,4.949999809265137,5.03000020980835,4.945000171661377,4.960000038146973,25745,0.0,0.0
2023-10-11 11:30:00-04:00,4.960000038146973,5.039999961853027,4.945000171661377,5.010000228881836,28627,0.0,0.0
2023-10-11 12:30:00-04:00,5.010000228881836,5.019999980926514,4.989999771118164,5.005000114440918,24832,0.0,0.0
2023-10-11 13:30:00-04:00,5.0,5.039999961853027,4.989999771118164,5.025000095367432,20391,0.0,0.0
2023-10-11 14:30:00-04:00,5.025000095367432,5.076300144195557,5.010000228881836,5.065000057220459,29273,0.0,0.0
2023-10-11 15:30:00-04:00,5.065000057220459,5.090000152587891,5.039999961853027,5.090000152587891,48901,0.0,0.0
2023-10-12 09:30:00-04:00,5.079999923706055,5.090000152587891,4.929999828338623,5.010000228881836,53257,0.0,0.0
2023-10-12 10:30:00-04:00,5.010000228881836,5.059999942779541,4.989999771118164,4.994999885559082,47813,0.0,0.0
2023-10-12 11:30:00-04:00,5.0,5.014999866485596,4.974999904632568,5.0,28647,0.0,0.0
2023-10-12 12:30:00-04:00,5.005000114440918,5.019999980926514,5.0,5.010000228881836,25106,0.0,0.0
2023-10-12 13:30:00-04:00,5.019999980926514,5.019999980926514,4.96999979019165,4.980000019073486,44153,0.0,0.0
2023-10-12 14:30:00-04:00,4.974999904632568,5.0,4.849999904632568,4.920000076293945,111069,0.0,0.0
2023-10-12 15:30:00-04:00,4.920000076293945,4.960000038146973,4.909999847412109,4.940000057220459,81820,0.0,0.0
2023-10-13 09:30:00-04:00,4.980000019073486,5.090000152587891,4.940000057220459,5.050000190734863,57684,0.0,0.0
2023-10-13 10:30:00-04:00,5.054999828338623,5.079999923706055,5.014999866485596,5.079999923706055,55837,0.0,0.0
2023-10-13 11:30:00-04:00,5.090000152587891,5.119999885559082,5.079999923706055,5.110000133514404,25389,0.0,0.0
2023-10-13 12:30:00-04:00,5.119999885559082,5.144999980926514,5.074999809265137,5.090000152587891,33019,0.0,0.0
2023-10-13 13:30:00-04:00,5.079999923706055,5.110000133514404,5.079999923706055,5.110000133514404,20758,0.0,0.0
2023-10-13 14:30:00-04:00,5.110000133514404,5.110000133514404,5.034999847412109,5.034999847412109,31251,0.0,0.0
2023-10-13 15:30:00-04:00,5.039999961853027,5.090000152587891,5.034999847412109,5.079999923706055,66617,0.0,0.0
2023-10-16 09:30:00-04:00,5.099999904632568,5.119999885559082,4.96999979019165,5.110000133514404,52757,0.0,0.0
2023-10-16 10:30:00-04:00,5.113999843597412,5.215000152587891,5.110000133514404,5.215000152587891,21717,0.0,0.0
2023-10-16 11:30:00-04:00,5.21999979019165,5.21999979019165,5.139999866485596,5.195000171661377,21435,0.0,0.0
2023-10-16 12:30:00-04:00,5.199999809265137,5.269999980926514,5.184999942779541,5.21999979019165,50194,0.0,0.0
2023-10-16 13:30:00-04:00,5.210000038146973,5.210000038146973,5.110000133514404,5.125,27623,0.0,0.0
2023-10-16 14:30:00-04:00,5.119999885559082,5.170000076293945,5.119999885559082,5.164999961853027,18218,0.0,0.0
2023-10-16 15:30:00-04:00,5.175000190734863,5.184999942779541,5.150000095367432,5.175000190734863,53948,0.0,0.0
2023-10-17 09:30:00-04:00,5.139999866485596,5.320000171661377,5.130000114440918,5.175000190734863,55117,0.0,0.0
2023-10-17 10:30:00-04:00,5.170000076293945,5.255000114440918,5.170000076293945,5.235000133514404,49246,0.0,0.0
2023-10-17 11:30:00-04:00,5.230000019073486,5.28000020980835,5.199999809265137,5.269999980926514,47470,0.0,0.0
2023-10-17 12:30:00-04:00,5.269999980926514,5.315000057220459,5.239999771118164,5.315000057220459,25470,0.0,0.0
2023-10-17 13:30:00-04:00,5.315000057220459,5.340000152587891,5.244999885559082,5.25,50738,0.0,0.0
2023-10-17 14:30:00-04:00,5.25,5.289999961853027,5.239999771118164,5.275000095367432,33038,0.0,0.0
2023-10-17 15:30:00-04:00,5.275000095367432,5.295000076293945,5.210000038146973,5.260000228881836,105834,0.0,0.0
2023-10-18 09:30:00-04:00,5.25,5.269999980926514,5.099999904632568,5.179999828338623,56759,0.0,0.0
2023-10-18 10:30:00-04:00,5.170000076293945,5.184999942779541,5.099999904632568,5.179999828338623,93351,0.0,0.0
2023-10-18 11:30:00-04:00,5.190000057220459,5.210000038146973,5.105000019073486,5.150000095367432,50477,0.0,0.0
2023-10-18 12:30:00-04:00,5.150000095367432,5.159999847412109,5.119999885559082,5.144999980926514,35525,0.0,0.0
2023-10-18 13:30:00-04:00,5.150000095367432,5.150000095367432,5.054999828338623,5.139999866485596,69628,0.0,0.0
2023-10-18 14:30:00-04:00,5.139999866485596,5.144999980926514,5.09499979019165,5.099999904632568,30406,0.0,0.0
2023-10-18 15:30:00-04:00,5.099999904632568,5.139999866485596,5.090000152587891,5.110000133514404,44603,0.0,0.0
2023-10-19 09:30:00-04:00,5.150000095367432,5.150000095367432,4.613399982452393,4.689599990844727,181199,0.0,0.0
2023-10-19 10:30:00-04:00,4.671199798583984,4.710000038146973,4.570000171661377,4.630000114440918,238588,0.0,0.0
2023-10-19 11:30:00-04:00,4.630000114440918,4.784999847412109,4.559999942779541,4.64300012588501,138307,0.0,0.0
2023-10-19 12:30:00-04:00,4.639999866485596,4.789999961853027,4.614999771118164,4.625,82912,0.0,0.0
2023-10-19 13:30:00-04:00,4.630000114440918,4.71999979019165,4.619999885559082,4.664999961853027,73497,0.0,0.0
2023-10-19 14:30:00-04:00,4.664999961853027,4.730000019073486,4.590000152587891,4.590000152587891,110362,0.0,0.0
2023-10-19 15:30:00-04:00,4.59499979019165,4.659999847412109,4.579999923706055,4.579999923706055,104364,0.0,0.0
2023-10-20 09:30:00-04:00,4.650000095367432,4.880000114440918,4.494999885559082,4.860000133514404,185529,0.0,0.0
2023-10-20 10:30:00-04:00,4.864999771118164,4.960000038146973,4.84499979019165,4.894999980926514,150596,0.0,0.0
2023-10-20 11:30:00-04:00,4.89870023727417,5.070000171661377,4.894999980926514,5.034999847412109,75351,0.0,0.0
2023-10-20 12:30:00-04:00,5.034999847412109,5.130000114440918,4.949999809265137,4.954999923706055,133365,0.0,0.0
2023-10-20 13:30:00-04:00,4.949999809265137,5.069799900054932,4.940000057220459,5.03000020980835,84318,0.0,0.0
2023-10-20 14:30:00-04:00,5.025000095367432,5.070000171661377,4.869999885559082,4.985000133514404,912921,0.0,0.0
2023-10-20 15:30:00-04:00,4.989999771118164,4.994999885559082,4.820000171661377,4.820000171661377,718568,0.0,0.0
2023-10-23 09:30:00-04:00,4.769999980926514,4.869999885559082,4.699999809265137,4.849999904632568,82582,0.0,0.0
2023-10-23 10:30:00-04:00,4.849999904632568,4.90500020980835,4.829999923706055,4.849999904632568,41028,0.0,0.0
2023-10-23 11:30:00-04:00,4.855000019073486,4.90500020980835,4.835000038146973,4.835000038146973,39649,0.0,0.0
2023-10-23 12:30:00-04:00,4.849999904632568,4.925000190734863,4.840000152587891,4.925000190734863,52268,0.0,0.0
2023-10-23 13:30:00-04:00,4.920000076293945,4.929999828338623,4.869999885559082,4.885000228881836,90706,0.0,0.0
2023-10-23 14:30:00-04:00,4.885000228881836,4.960000038146973,4.824999809265137,4.900000095367432,135238,0.0,0.0
2023-10-23 15:30:00-04:00,4.909999847412109,4.954999923706055,4.880000114440918,4.949999809265137,133128,0.0,0.0
2023-10-24 09:30:00-04:00,4.949999809265137,5.010000228881836,4.815000057220459,4.835599899291992,168386,0.0,0.0
2023-10-24 10:30:00-04:00,4.839099884033203,4.924699783325195,4.78000020980835,4.889999866485596,234958,0.0,0.0
2023-10-24 11:30:00-04:00,4.889999866485596,4.909999847412109,4.880000114440918,4.889999866485596,19330,0.0,0.0
2023-10-24 12:30:00-04:00,4.889999866485596,5.0,4.889999866485596,4.980000019073486,92364,0.0,0.0
2023-10-24 13:30:00-04:00,4.989999771118164,5.019999980926514,4.954999923706055,4.989999771118164,34944,0.0,0.0
2023-10-24 14:30:00-04:00,5.0,5.03000020980835,4.965000152587891,5.019999980926514,50410,0.0,0.0
2023-10-24 15:30:00-04:00,5.010000228881836,5.019999980926514,4.960000038146973,4.960000038146973,109978,0.0,0.0
2023-10-25 09:30:00-04:00,4.909999847412109,4.909999847412109,4.760000228881836,4.849999904632568,28584,0.0,0.0
2023-10-25 10:30:00-04:00,4.849999904632568,4.869999885559082,4.829999923706055,4.849999904632568,28876,0.0,0.0
2023-10-25 11:30:00-04:00,4.855000019073486,4.900000095367432,4.824999809265137,4.855000019073486,37150,0.0,0.0
2023-10-25 12:30:00-04:00,4.869999885559082,4.880000114440918,4.830100059509277,4.875,26379,0.0,0.0
2023-10-25 13:30:00-04:00,4.869999885559082,4.914999961853027,4.840000152587891,4.90500020980835,51794,0.0,0.0
2023-10-25 14:30:00-04:00,4.90500020980835,4.909999847412109,4.880000114440918,4.900000095367432,92992,0.0,0.0
2023-10-25 15:30:00-04:00,4.909999847412109,4.985000133514404,4.909999847412109,4.965000152587891,86931,0.0,0.0
2023-10-26 09:30:00-04:00,4.960000038146973,5.079999923706055,4.900000095367432,5.074999809265137,47146,0.0,0.0
2023-10-26 10:30:00-04:00,5.059999942779541,5.139999866485596,5.050000190734863,5.054999828338623,18231,0.0,0.0
2023-10-26 11:30:00-04:00,5.054999828338623,5.059999942779541,4.989999771118164,5.019999980926514,22867,0.0,0.0
2023-10-26 12:30:00-04:00,5.025000095367432,5.025000095367432,4.964399814605713,4.964399814605713,24369,0.0,0.0
2023-10-26 13:30:00-04:00,4.949999809265137,5.059999942779541,4.949999809265137,5.0,33207,0.0,0.0
2023-10-26 14:30:00-04:00,5.010000228881836,5.045000076293945,4.989999771118164,5.025000095367432,38315,0.0,0.0
2023-10-26 15:30:00-04:00,5.025000095367432,5.059999942779541,4.994999885559082,5.059999942779541,74563,0.0,0.0
2023-10-27 09:30:00-04:00,5.0,5.034999847412109,4.909999847412109,4.96999979019165,54925,0.0,0.0
2023-10-27 10:30:00-04:00,4.980000019073486,4.994999885559082,4.940000057220459,4.9730000495910645,26833,0.0,0.0
2023-10-27 11:30:00-04:00,4.980000019073486,5.008999824523926,4.945000171661377,4.960000038146973,38803,0.0,0.0
2023-10-27 12:30:00-04:00,4.954999923706055,5.010000228881836,4.949999809265137,4.949999809265137,85979,0.0,0.0
2023-10-27 13:30:00-04:00,4.954999923706055,5.0,4.900000095367432,4.980000019073486,80422,0.0,0.0
2023-10-27 14:30:00-04:00,4.96999979019165,4.989999771118164,4.900000095367432,4.945000171661377,116191,0.0,0.0
2023-10-27 15:30:00-04:00,4.945000171661377,4.96999979019165,4.909999847412109,4.96999979019165,191953,0.0,0.0
2023-10-30 09:30:00-04:00,5.019999980926514,5.125,5.019999980926514,5.059999942779541,37896,0.0,0.0
2023-10-30 10:30:00-04:00,5.053999900817871,5.170000076293945,5.0,5.15500020980835,30049,0.0,0.0
2023-10-30 11:30:00-04:00,5.159999847412109,5.235000133514404,5.130000114440918,5.135000228881836,48542,0.0,0.0
2023-10-30 12:30:00-04:00,5.139999866485596,5.150000095367432,5.114999771118164,5.150000095367432,22248,0.0,0.0
2023-10-30 13:30:00-04:00,5.159999847412109,5.215000152587891,5.151400089263916,5.199999809265137,33913,0.0,0.0
2023-10-30 14:30:00-04:00,5.199999809265137,5.210000038146973,5.119999885559082,5.179999828338623,52250,0.0,0.0
2023-10-30 15:30:00-04:00,5.184999942779541,5.184999942779541,5.135000228881836,5.159999847412109,76767,0.0,0.0
2023-10-31 09:30:00-04:00,5.159999847412109,5.244999885559082,5.059999942779541,5.230000019073486,74854,0.0,0.0
2023-10-31 10:30:00-04:00,5.220099925994873,5.239999771118164,5.119999885559082,5.204999923706055,49296,0.0,0.0
2023-10-31 11:30:00-04:00,5.210000038146973,5.260000228881836,5.190000057220459,5.235000133514404,36718,0.0,0.0
2023-10-31 12:30:00-04:00,5.239999771118164,5.25,5.154300212860107,5.215000152587891,49353,0.0,0.0
2023-10-31 13:30:00-04:00,5.21999979019165,5.269999980926514,5.21999979019165,5.230000019073486,30386,0.0,0.0
2023-10-31 14:30:00-04:00,5.230000019073486,5.260000228881836,5.21999979019165,5.244999885559082,38272,0.0,0.0
2023-10-31 15:30:00-04:00,5.244999885559082,5.25,5.179999828338623,5.230000019073486,119841,0.0,0.0
2023-11-01 09:30:00-04:00,5.28000020980835,5.289999961853027,5.15500020980835,5.28000020980835,98226,0.0,0.0
2023-11-01 10:30:00-04:00,5.28000020980835,5.328000068664551,5.269999980926514,5.289999961853027,22870,0.0,0.0
2023-11-01 11:30:00-04:00,5.295000076293945,5.295000076293945,5.21999979019165,5.28000020980835,207436,0.0,0.0
2023-11-01 12:30:00-04:00,5.280099868774414,5.309999942779541,5.239999771118164,5.269999980926514,14183,0.0,0.0
2023-11-01 13:30:00-04:00,5.269999980926514,5.289999961853027,5.260000228881836,5.284999847412109,15322,0.0,0.0
2023-11-01 14:30:00-04:00,5.286099910736084,5.310800075531006,5.260000228881836,5.284999847412109,27268,0.0,0.0
2023-11-01 15:30:00-04:00,5.284999847412109,5.309899806976318,5.159999847412109,5.289999961853027,197720,0.0,0.0
2023-11-02 09:30:00-04:00,5.360000133514404,5.409999847412109,5.25,5.269999980926514,49760,0.0,0.0
2023-11-02 10:30:00-04:00,5.28000020980835,5.289999961853027,5.110000133514404,5.110000133514404,57421,0.0,0.0
2023-11-02 11:30:00-04:00,5.110000133514404,5.190000057220459,5.110000133514404,5.159999847412109,30084,0.0,0.0
2023-11-02 12:30:00-04:00,5.159999847412109,5.170000076293945,5.144999980926514,5.150000095367432,17317,0.0,0.0
2023-11-02 13:30:00-04:00,5.159999847412109,5.159999847412109,5.125,5.150000095367432,29542,0.0,0.0
2023-11-02 14:30:00-04:00,5.150000095367432,5.15500020980835,5.119999885559082,5.130000114440918,27988,0.0,0.0
2023-11-02 15:30:00-04:00,5.125,5.125,5.070000171661377,5.110000133514404,61530,0.0,0.0
2023-11-03 09:30:00-04:00,5.179999828338623,5.329999923706055,5.179999828338623,5.269999980926514,46073,0.0,0.0
2023-11-03 10:30:00-04:00,5.2779998779296875,5.340000152587891,5.25,5.320000171661377,49254,0.0,0.0
2023-11-03 11:30:00-04:00,5.320000171661377,5.329999923706055,5.264999866485596,5.289999961853027,27486,0.0,0.0
2023-11-03 12:30:00-04:00,5.28000020980835,5.315000057220459,5.239999771118164,5.269999980926514,24162,0.0,0.0
2023-11-03 13:30:00-04:00,5.269999980926514,5.295000076293945,5.224999904632568,5.289999961853027,53555,0.0,0.0
2023-11-03 14:30:00-04:00,5.28000020980835,5.295000076293945,5.239999771118164,5.25,52726,0.0,0.0
2023-11-03 15:30:00-04:00,5.25,5.304999828338623,5.199999809265137,5.289999961853027,128206,0.0,0.0
2023-11-06 09:30:00-05:00,5.400000095367432,5.539999961853027,5.340000152587891,5.5,96428,0.0,0.0
2023-11-06 10:30:00-05:00,5.5,5.559999942779541,5.46999979019165,5.46999979019165,52811,0.0,0.0
2023-11-06 11:30:00-05:00,5.46999979019165,5.46999979019165,5.369999885559082,5.400000095367432,32868,0.0,0.0
2023-11-06 12:30:00-05:00,5.40500020980835,5.414999961853027,5.369999885559082,5.400000095367432,27258,0.0,0.0
2023-11-06 13:30:00-05:00,5.40500020980835,5.454999923706055,5.389999866485596,5.400000095367432,34605,0.0,0.0
2023-11-06 14:30:00-05:00,5.400000095367432,5.485000133514404,5.389999866485596,5.474999904632568,46545,0.0,0.0
2023-11-06 15:30:00-05:00,5.474999904632568,5.489999771118164,5.440000057220459,5.449999809265137,80105,0.0,0.0
2023-11-07 09:30:00-05:00,5.869999885559082,7.179999828338623,5.800000190734863,7.148399829864502,598162,0.0,0.0
2023-11-07 10:30:00-05:00,7.119999885559082,7.340000152587891,6.800000190734863,6.989999771118164,480859,0.0,0.0
2023-11-07 11:30:00-05:00,6.989999771118164,7.110000133514404,6.804999828338623,7.110000133514404,248569,0.0,0.0
2023-11-07 12:30:00-05:00,7.070000171661377,7.159999847412109,6.960000038146973,6.980000019073486,181357,0.0,0.0
2023-11-07 13:30:00-05:00,6.960100173950195,7.059999942779541,6.880000114440918,7.0,191883,0.0,0.0
2023-11-07 14:30:00-05:00,6.980000019073486,7.010000228881836,6.590000152587891,6.599999904632568,300732,0.0,0.0
2023-11-07 15:30:00-05:00,6.605000019073486,6.605000019073486,6.269999980926514,6.360000133514404,634592,0.0,0.0
2023-11-08 09:30:00-05:00,6.380000114440918,6.940000057220459,6.159999847412109,6.630000114440918,264681,0.0,0.0
2023-11-08 10:30:00-05:00,6.619999885559082,6.920000076293945,6.59499979019165,6.900000095367432,128728,0.0,0.0
2023-11-08 11:30:00-05:00,6.900000095367432,6.940000057220459,6.690000057220459,6.715000152587891,67642,0.0,0.0
2023-11-08 12:30:00-05:00,6.699999809265137,7.090000152587891,6.699999809265137,7.079999923706055,124639,0.0,0.0
2023-11-08 13:30:00-05:00,7.070000171661377,7.139999866485596,6.96999979019165,7.050000190734863,79672,0.0,0.0
2023-11-08 14:30:00-05:00,7.041999816894531,7.065000057220459,6.860000133514404,6.860000133514404,97978,0.0,0.0
2023-11-08 15:30:00-05:00,6.860000133514404,6.994999885559082,6.860000133514404,6.889999866485596,157896,0.0,0.0
2023-11-09 09:30:00-05:00,6.940000057220459,6.940000057220459,6.625,6.900000095367432,99836,0.0,0.0
2023-11-09 10:30:00-05:00,6.880000114440918,6.885000228881836,6.599999904632568,6.619999885559082,100021,0.0,0.0
2023-11-09 11:30:00-05:00,6.619999885559082,6.659999847412109,6.539999961853027,6.630000114440918,60493,0.0,0.0
2023-11-09 12:30:00-05:00,6.639999866485596,6.679999828338623,6.449999809265137,6.679999828338623,83105,0.0,0.0
2023-11-09 13:30:00-05:00,6.690000057220459,6.694200038909912,6.349999904632568,6.349999904632568,77391,0.0,0.0
2023-11-09 14:30:00-05:00,6.349999904632568,6.480000019073486,6.260000228881836,6.440000057220459,93688,0.0,0.0
2023-11-09 15:30:00-05:00,6.440000057220459,6.590000152587891,6.34499979019165,6.559999942779541,241541,0.0,0.0
2023-11-10 09:30:00-05:00,6.550000190734863,6.639999866485596,6.159999847412109,6.425000190734863,109521,0.0,0.0
2023-11-10 10:30:00-05:00,6.425000190734863,6.440000057220459,6.340000152587891,6.380000114440918,43055,0.0,0.0
2023-11-10 11:30:00-05:00,6.360099792480469,6.440000057220459,6.301400184631348,6.380000114440918,34365,0.0,0.0
2023-11-10 12:30:00-05:00,6.389999866485596,6.519999980926514,6.389999866485596,6.519999980926514,35716,0.0,0.0
2023-11-10 13:30:00-05:00,6.510000228881836,6.53000020980835,6.429999828338623,6.489999771118164,36957,0.0,0.0
2023-11-10 14:30:00-05:00,6.480000019073486,6.639999866485596,6.429999828338623,6.46999979019165,84689,0.0,0.0
2023-11-10 15:30:00-05:00,6.480000019073486,6.489999771118164,6.380000114440918,6.409999847412109,112011,0.0,0.0
2023-11-13 09:30:00-05:00,6.46999979019165,6.53000020980835,6.139999866485596,6.170000076293945,117578,0.0,0.0
2023-11-13 10:30:00-05:00,6.150000095367432,6.315000057220459,6.139999866485596,6.315000057220459,66426,0.0,0.0
2023-11-13 11:30:00-05:00,6.309999942779541,6.324999809265137,6.289999961853027,6.300000190734863,25925,0.0,0.0
2023-11-13 12:30:00-05:00,6.300000190734863,6.360000133514404,6.295000076293945,6.349999904632568,95244,0.0,0.0
2023-11-13 13:30:00-05:00,6.34499979019165,6.364999771118164,6.329999923706055,6.34499979019165,19893,0.0,0.0
2023-11-13 14:30:00-05:00,6.34499979019165,6.46999979019165,6.210000038146973,6.389999866485596,237055,0.0,0.0
2023-11-13 15:30:00-05:00,6.369999885559082,6.460000038146973,6.324999809265137,6.369999885559082,197333,0.0,0.0
2023-11-14 09:30:00-05:00,6.570000171661377,6.820000171661377,6.449999809265137,6.570000171661377,108947,0.0,0.0
2023-11-14 10:30:00-05:00,6.570000171661377,6.679999828338623,6.539999961853027,6.670000076293945,42275,0.0,0.0
2023-11-14 11:30:00-05:00,6.670000076293945,6.889999866485596,6.659999847412109,6.800000190734863,140753,0.0,0.0
2023-11-14 12:30:00-05:00,6.809999942779541,7.050000190734863,6.800000190734863,7.010000228881836,97483,0.0,0.0
2023-11-14 13:30:00-05:00,7.019999980926514,7.079999923706055,6.929999828338623,7.005000114440918,109377,0.0,0.0
2023-11-14 14:30:00-05:00,7.005000114440918,7.070000171661377,6.980000019073486,7.054999828338623,109657,0.0,0.0
2023-11-14 15:30:00-05:00,7.050000190734863,7.079999923706055,7.0,7.03000020980835,163639,0.0,0.0
2023-11-15 09:30:00-05:00,7.039999961853027,7.340000152587891,6.949999809265137,7.309999942779541,202624,0.0,0.0
2023-11-15 10:30:00-05:00,7.324999809265137,7.614999771118164,7.300000190734863,7.579999923706055,429313,0.0,0.0
2023-11-15 11:30:00-05:00,7.579999923706055,7.659999847412109,7.510000228881836,7.630000114440918,146183,0.0,0.0
2023-11-15 12:30:00-05:00,7.619999885559082,7.710000038146973,7.429999828338623,7.445000171661377,85682,0.0,0.0
2023-11-15 13:30:00-05:00,7.445000171661377,7.610000133514404,7.409999847412109,7.599999904632568,191979,0.0,0.0
2023-11-15 14:30:00-05:00,7.599999904632568,7.599999904632568,7.46999979019165,7.5,184314,0.0,0.0
2023-11-15 15:30:00-05:00,7.5,7.519999980926514,7.269999980926514,7.275000095367432,190686,0.0,0.0
2023-11-16 09:30:00-05:00,7.21999979019165,7.230000019073486,6.809999942779541,6.885000228881836,83676,0.0,0.0
2023-11-16 10:30:00-05:00,6.883999824523926,7.21999979019165,6.860000133514404,7.210000038146973,116878,0.0,0.0
2023-11-16 11:30:00-05:00,7.239999771118164,7.25,7.099999904632568,7.139999866485596,42837,0.0,0.0
2023-11-16 12:30:00-05:00,7.139999866485596,7.190000057220459,7.079999923706055,7.1305999755859375,37964,0.0,0.0
2023-11-16 13:30:00-05:00,7.125,7.139999866485596,7.070000171661377,7.105000019073486,34406,0.0,0.0
2023-11-16 14:30:00-05:00,7.099999904632568,7.210000038146973,7.059999942779541,7.09499979019165,72393,0.0,0.0
2023-11-16 15:30:00-05:00,7.090000152587891,7.159999847412109,7.070000171661377,7.099999904632568,186589,0.0,0.0
2023-11-17 09:30:00-05:00,7.28000020980835,7.579999923706055,7.25,7.53000020980835,236826,0.0,0.0
2023-11-17 10:30:00-05:00,7.53000020980835,7.599999904632568,7.460000038146973,7.539999961853027,92360,0.0,0.0
2023-11-17 11:30:00-05:00,7.550000190734863,7.699999809265137,7.53000020980835,7.679999828338623,143976,0.0,0.0
2023-11-17 12:30:00-05:00,7.675000190734863,7.760000228881836,7.619999885559082,7.710000038146973,79629,0.0,0.0
2023-11-17 13:30:00-05:00,7.710000038146973,7.769999980926514,7.690000057220459,7.760000228881836,64659,0.0,0.0
2023-11-17 14:30:00-05:00,7.760000228881836,7.78000020980835,7.690000057220459,7.730000019073486,85344,0.0,0.0
2023-11-17 15:30:00-05:00,7.739999771118164,7.800000190734863,7.559999942779541,7.574999809265137,226272,0.0,0.0
2023-11-20 09:30:00-05:00,7.599999904632568,7.96999979019165,7.59499979019165,7.860000133514404,81375,0.0,0.0
2023-11-20 10:30:00-05:00,7.860000133514404,7.929999828338623,7.78000020980835,7.78000020980835,64170,0.0,0.0
2023-11-20 11:30:00-05:00,7.781400203704834,7.800000190734863,7.630000114440918,7.659999847412109,63573,0.0,0.0
2023-11-20 12:30:00-05:00,7.659999847412109,7.659999847412109,7.599999904632568,7.625,26322,0.0,0.0
2023-11-20 13:30:00-05:00,7.630000114440918,7.730000019073486,7.614999771118164,7.71999979019165,44538,0.0,0.0
2023-11-20 14:30:00-05:00,7.730000019073486,7.75,7.511000156402588,7.539999961853027,53308,0.0,0.0
2023-11-20 15:30:00-05:00,7.533100128173828,7.679999828338623,7.5100998878479,7.635000228881836,119401,0.0,0.0
2023-11-21 09:30:00-05:00,7.510000228881836,7.630000114440918,7.3856000900268555,7.525000095367432,48008,0.0,0.0
2023-11-21 10:30:00-05:00,7.5279998779296875,7.599999904632568,7.465000152587891,7.53000020980835,39757,0.0,0.0
2023-11-21 11:30:00-05:00,7.53000020980835,7.550000190734863,7.414999961853027,7.465000152587891,41457,0.0,0.0
2023-11-21 12:30:00-05:00,7.46999979019165,7.539999961853027,7.449999809265137,7.539999961853027,30694,0.0,0.0
2023-11-21 13:30:00-05:00,7.539999961853027,7.590000152587891,7.489999771118164,7.579999923706055,35042,0.0,0.0
2023-11-21 14:30:00-05:00,7.565000057220459,7.579999923706055,7.46999979019165,7.46999979019165,43720,0.0,0.0
2023-11-21 15:30:00-05:00,7.460000038146973,7.5,7.409999847412109,7.420000076293945,105032,0.0,0.0
2023-11-22 09:30:00-05:00,7.489999771118164,7.550000190734863,7.329999923706055,7.380000114440918,44722,0.0,0.0
2023-11-22 10:30:00-05:00,7.389999866485596,7.480000019073486,7.300000190734863,7.480000019073486,26786,0.0,0.0
2023-11-22 11:30:00-05:00,7.485000133514404,7.547999858856201,7.409999847412109,7.409999847412109,19762,0.0,0.0
2023-11-22 12:30:00-05:00,7.3979997634887695,7.420000076293945,7.300000190734863,7.360000133514404,28260,0.0,0.0
2023-11-22 13:30:00-05:00,7.369999885559082,7.485000133514404,7.369999885559082,7.449999809265137,23258,0.0,0.0
2023-11-22 14:30:00-05:00,7.425000190734863,7.432300090789795,7.380000114440918,7.429999828338623,13725,0.0,0.0
2023-11-22 15:30:00-05:00,7.420000076293945,7.420000076293945,7.340000152587891,7.385000228881836,47011,0.0,0.0
2023-11-24 09:30:00-05:00,7.349999904632568,7.677499771118164,7.349999904632568,7.559999942779541,32085,0.0,0.0
2023-11-24 10:30:00-05:00,7.53000020980835,7.559999942779541,7.460000038146973,7.5,26180,0.0,0.0
2023-11-24 11:30:00-05:00,7.505000114440918,7.579999923706055,7.5,7.525000095367432,24129,0.0,0.0
2023-11-27 09:30:00-05:00,7.400000095367432,7.650000095367432,7.360000133514404,7.550000190734863,71418,0.0,0.0
2023-11-27 10:30:00-05:00,7.544000148773193,7.544000148773193,7.460000038146973,7.489999771118164,28245,0.0,0.0
2023-11-27 11:30:00-05:00,7.494999885559082,7.590000152587891,7.480000019073486,7.559999942779541,34077,0.0,0.0
2023-11-27 12:30:00-05:00,7.559999942779541,7.599999904632568,7.539999961853027,7.59499979019165,42992,0.0,0.0
2023-11-27 13:30:00-05:00,7.590000152587891,7.599999904632568,7.525000095367432,7.570000171661377,33221,0.0,0.0
2023-11-27 14:30:00-05:00,7.570000171661377,7.599999904632568,7.539999961853027,7.579999923706055,64603,0.0,0.0
2023-11-27 15:30:00-05:00,7.570000171661377,7.670000076293945,7.534999847412109,7.670000076293945,122623,0.0,0.0
2023-11-28 09:30:00-05:00,7.760000228881836,7.789999961853027,7.519999980926514,7.549900054931641,28692,0.0,0.0
2023-11-28 10:30:00-05:00,7.53000020980835,7.670000076293945,7.519999980926514,7.631999969482422,21970,0.0,0.0
2023-11-28 11:30:00-05:00,7.650000095367432,7.690000057220459,7.5920000076293945,7.639999866485596,16549,0.0,0.0
2023-11-28 12:30:00-05:00,7.610000133514404,7.650000095367432,7.545000076293945,7.579999923706055,37565,0.0,0.0
2023-11-28 13:30:00-05:00,7.579999923706055,7.630000114440918,7.539999961853027,7.599999904632568,23396,0.0,0.0
2023-11-28 14:30:00-05:00,7.590000152587891,7.610000133514404,7.550000190734863,7.579999923706055,33019,0.0,0.0
2023-11-28 15:30:00-05:00,7.579999923706055,7.581999778747559,7.440000057220459,7.5,95431,0.0,0.0
2023-11-29 09:30:00-05:00,7.5,7.78000020980835,7.489999771118164,7.65500020980835,62171,0.0,0.0
2023-11-29 10:30:00-05:00,7.659999847412109,7.739999771118164,7.575200080871582,7.639999866485596,24390,0.0,0.0
2023-11-29 11:30:00-05:00,7.619999885559082,7.679999828338623,7.599999904632568,7.630000114440918,20747,0.0,0.0
2023-11-29 12:30:00-05:00,7.627500057220459,7.664999961853027,7.570000171661377,7.570000171661377,27718,0.0,0.0
2023-11-29 13:30:00-05:00,7.559999942779541,7.605000019073486,7.550000190734863,7.559999942779541,24936,0.0,0.0
2023-11-29 14:30:00-05:00,7.559999942779541,7.570000171661377,7.489999771118164,7.510000228881836,33020,0.0,0.0
2023-11-29 15:30:00-05:00,7.514999866485596,7.565000057220459,7.5,7.514999866485596,53691,0.0,0.0
2023-11-30 09:30:00-05:00,7.559999942779541,8.329999923706055,7.559999942779541,8.270000457763672,294638,0.0,0.0
2023-11-30 10:30:00-05:00,8.28499984741211,8.35990047454834,8.020000457763672,8.039999961853027,88365,0.0,0.0
2023-11-30 11:30:00-05:00,8.020000457763672,8.130000114440918,7.880000114440918,8.069999694824219,61627,0.0,0.0
2023-11-30 12:30:00-05:00,8.0600004196167,8.300000190734863,8.0600004196167,8.300000190734863,85896,0.0,0.0
2023-11-30 13:30:00-05:00,8.300000190734863,8.300000190734863,8.130000114440918,8.135000228881836,77774,0.0,0.0
2023-11-30 14:30:00-05:00,8.149999618530273,8.25,7.989999771118164,8.100000381469727,144213,0.0,0.0
2023-11-30 15:30:00-05:00,8.100000381469727,8.239999771118164,8.100000381469727,8.229999542236328,141065,0.0,0.0
2023-12-01 09:30:00-05:00,8.210000038146973,8.300000190734863,7.909999847412109,8.03499984741211,59854,0.0,0.0
2023-12-01 10:30:00-05:00,8.03499984741211,8.25,7.980000019073486,8.220000267028809,80107,0.0,0.0
2023-12-01 11:30:00-05:00,8.220000267028809,8.260000228881836,8.149999618530273,8.220000267028809,46788,0.0,0.0
2023-12-01 12:30:00-05:00,8.220000267028809,8.300000190734863,8.149999618530273,8.164999961853027,55647,0.0,0.0
2023-12-01 13:30:00-05:00,8.164999961853027,8.300000190734863,8.140000343322754,8.21500015258789,36429,0.0,0.0
2023-12-01 14:30:00-05:00,8.199999809265137,8.369999885559082,8.199999809265137,8.359999656677246,75209,0.0,0.0
2023-12-01 15:30:00-05:00,8.380000114440918,8.399999618530273,8.320099830627441,8.395000457763672,122686,0.0,0.0
2023-12-04 09:30:00-05:00,8.470000267028809,8.649999618530273,8.350000381469727,8.402299880981445,103195,0.0,0.0
2023-12-04 10:30:00-05:00,8.399999618530273,8.489999771118164,8.300000190734863,8.390000343322754,35062,0.0,0.0
2023-12-04 11:30:00-05:00,8.380000114440918,8.420000076293945,8.319999694824219,8.345000267028809,25759,0.0,0.0
2023-12-04 12:30:00-05:00,8.350000381469727,8.369999885559082,8.199999809265137,8.25,39963,0.0,0.0
2023-12-04 13:30:00-05:00,8.244999885559082,8.420000076293945,8.210000038146973,8.420000076293945,65253,0.0,0.0
2023-12-04 14:30:00-05:00,8.420000076293945,8.479999542236328,8.375,8.420000076293945,51421,0.0,0.0
2023-12-04 15:30:00-05:00,8.420000076293945,8.499899864196777,8.420000076293945,8.470000267028809,74459,0.0,0.0
2023-12-05 09:30:00-05:00,8.380000114440918,8.600000381469727,8.300000190734863,8.380000114440918,76742,0.0,0.0
2023-12-05 10:30:00-05:00,8.409500122070312,8.449999809265137,8.320699691772461,8.390000343322754,51491,0.0,0.0
2023-12-05 11:30:00-05:00,8.390000343322754,8.420000076293945,8.359999656677246,8.399999618530273,54186,0.0,0.0
2023-12-05 12:30:00-05:00,8.399999618530273,8.484999656677246,8.39009952545166,8.46399974822998,41039,0.0,0.0
2023-12-05 13:30:00-05:00,8.46500015258789,8.479999542236328,8.420000076293945,8.46500015258789,36561,0.0,0.0
2023-12-05 14:30:00-05:00,8.470000267028809,8.550000190734863,8.460000038146973,8.510000228881836,68914,0.0,0.0
2023-12-05 15:30:00-05:00,8.510000228881836,8.539999961853027,8.479999542236328,8.484999656677246,73579,0.0,0.0
2023-12-06 09:30:00-05:00,8.619999885559082,8.739999771118164,8.510000228881836,8.71500015258789,64361,0.0,0.0
2023-12-06 10:30:00-05:00,8.71500015258789,8.75,8.649999618530273,8.729999542236328,34244,0.0,0.0
2023-12-06 11:30:00-05:00,8.734999656677246,8.800000190734863,8.670000076293945,8.760000228881836,47854,0.0,0.0
2023-12-06 12:30:00-05:00,8.763500213623047,8.770000457763672,8.710000038146973,8.760000228881836,23373,0.0,0.0
2023-12-06 13:30:00-05:00,8.75,8.779999732971191,8.670000076293945,8.704999923706055,31560,0.0,0.0
2023-12-06 14:30:00-05:00,8.699999809265137,8.755000114440918,8.59000015258789,8.59000015258789,37724,0.0,0.0
2023-12-06 15:30:00-05:00,8.59000015258789,8.649999618530273,8.579999923706055,8.640000343322754,90977,0.0,0.0
2023-12-07 09:30:00-05:00,8.699999809265137,8.770000457763672,8.529999732971191,8.729999542236328,47453,0.0,0.0
2023-12-07 10:30:00-05:00,8.710000038146973,8.800000190734863,8.65999984741211,8.789999961853027,36641,0.0,0.0
2023-12-07 11:30:00-05:00,8.800000190734863,8.880000114440918,8.789999961853027,8.819899559020996,48066,0.0,0.0
2023-12-07 12:30:00-05:00,8.8100004196167,8.994999885559082,8.8100004196167,8.955699920654297,52750,0.0,0.0
2023-12-07 13:30:00-05:00,8.960000038146973,8.989999771118164,8.890000343322754,8.930000305175781,49605,0.0,0.0
2023-12-07 14:30:00-05:00,8.930000305175781,9.0,8.869999885559082,8.885000228881836,56108,0.0,0.0
2023-12-07 15:30:00-05:00,8.890000343322754,8.930000305175781,8.850000381469727,8.930000305175781,79457,0.0,0.0
2023-12-08 09:30:00-05:00,8.84000015258789,9.100000381469727,8.720000267028809,9.069999694824219,79452,0.0,0.0
2023-12-08 10:30:00-05:00,9.0600004196167,9.077500343322754,8.880000114440918,8.90999984741211,34564,0.0,0.0
2023-12-08 11:30:00-05:00,8.9350004196167,8.970000267028809,8.859999656677246,8.890000343322754,31181,0.0,0.0
2023-12-08 12:30:00-05:00,8.875,8.880000114440918,8.710000038146973,8.760000228881836,36747,0.0,0.0
2023-12-08 13:30:00-05:00,8.75,8.760000228881836,8.65999984741211,8.75,43316,0.0,0.0
2023-12-08 14:30:00-05:00,8.755000114440918,8.84000015258789,8.75,8.75,44927,0.0,0.0
2023-12-08 15:30:00-05:00,8.760000228881836,8.760000228881836,8.699999809265137,8.720000267028809,61043,0.0,0.0
2023-12-11 09:30:00-05:00,8.850000381469727,8.850000381469727,8.369999885559082,8.430000305175781,90380,0.0,0.0
2023-12-11 10:30:00-05:00,8.442000389099121,8.550000190734863,8.390000343322754,8.390000343322754,86703,0.0,0.0
2023-12-11 11:30:00-05:00,8.390000343322754,8.539999961853027,8.380000114440918,8.5,36890,0.0,0.0
2023-12-11 12:30:00-05:00,8.510000228881836,8.555000305175781,8.475000381469727,8.475000381469727,43794,0.0,0.0
2023-12-11 13:30:00-05:00,8.470000267028809,8.505000114440918,8.420000076293945,8.420000076293945,42585,0.0,0.0
2023-12-11 14:30:00-05:00,8.420000076293945,8.4399995803833,8.40999984741211,8.414999961853027,41308,0.0,0.0
2023-12-11 15:30:00-05:00,8.420000076293945,8.489999771118164,8.40999984741211,8.460000038146973,60837,0.0,0.0
2023-12-12 09:30:00-05:00,8.479999542236328,8.53499984741211,8.380000114440918,8.510000228881836,55286,0.0,0.0
2023-12-12 10:30:00-05:00,8.51990032196045,8.600000381469727,8.470000267028809,8.5,85874,0.0,0.0
2023-12-12 11:30:00-05:00,8.510000228881836,8.635000228881836,8.470000267028809,8.609999656677246,202412,0.0,0.0
2023-12-12 12:30:00-05:00,8.619999885559082,8.649999618530273,8.539999961853027,8.640000343322754,46637,0.0,0.0
2023-12-12 13:30:00-05:00,8.630000114440918,8.699999809265137,8.619999885559082,8.649999618530273,36483,0.0,0.0
2023-12-12 14:30:00-05:00,8.640000343322754,8.6899995803833,8.59000015258789,8.670000076293945,45860,0.0,0.0
2023-12-12 15:30:00-05:00,8.670000076293945,8.699999809265137,8.640000343322754,8.670000076293945,90040,0.0,0.0
2023-12-13 09:30:00-05:00,8.600000381469727,9.09000015258789,8.600000381469727,8.800000190734863,121891,0.0,0.0
2023-12-13 10:30:00-05:00,8.800000190734863,8.829999923706055,8.740099906921387,8.779999732971191,32918,0.0,0.0
2023-12-13 11:30:00-05:00,8.760000228881836,8.84000015258789,8.739999771118164,8.760000228881836,33300,0.0,0.0
2023-12-13 12:30:00-05:00,8.729999542236328,8.729999542236328,8.610099792480469,8.619999885559082,32734,0.0,0.0
2023-12-13 13:30:00-05:00,8.630000114440918,8.920000076293945,8.630000114440918,8.920000076293945,64469,0.0,0.0
2023-12-13 14:30:00-05:00,8.920000076293945,9.100000381469727,8.880000114440918,9.085000038146973,73403,0.0,0.0
2023-12-13 15:30:00-05:00,9.09000015258789,9.1899995803833,9.050000190734863,9.170000076293945,123827,0.0,0.0
2023-12-14 09:30:00-05:00,9.300000190734863,9.34000015258789,9.100000381469727,9.260000228881836,118574,0.0,0.0
2023-12-14 10:30:00-05:00,9.25,9.329999923706055,9.179400444030762,9.319999694824219,52258,0.0,0.0
2023-12-14 11:30:00-05:00,9.300000190734863,9.4399995803833,9.289999961853027,9.390000343322754,56791,0.0,0.0
2023-12-14 12:30:00-05:00,9.390000343322754,9.399999618530273,9.279999732971191,9.279999732971191,43663,0.0,0.0
2023-12-14 13:30:00-05:00,9.28499984741211,9.359999656677246,9.246000289916992,9.300000190734863,46637,0.0,0.0
2023-12-14 14:30:00-05:00,9.300000190734863,9.399999618530273,9.300000190734863,9.390000343322754,48860,0.0,0.0
2023-12-14 15:30:00-05:00,9.399999618530273,9.399999618530273,9.270000457763672,9.289999961853027,100876,0.0,0.0
2023-12-15 09:30:00-05:00,9.449999809265137,9.640000343322754,9.399999618530273,9.520000457763672,257361,0.0,0.0
2023-12-15 10:30:00-05:00,9.529999732971191,9.529999732971191,9.149999618530273,9.270000457763672,60040,0.0,0.0
2023-12-15 11:30:00-05:00,9.265000343322754,9.380000114440918,9.265000343322754,9.380000114440918,31152,0.0,0.0
2023-12-15 12:30:00-05:00,9.380000114440918,9.380000114440918,9.210000038146973,9.270000457763672,43879,0.0,0.0
2023-12-15 13:30:00-05:00,9.300000190734863,9.470000267028809,9.204999923706055,9.470000267028809,82048,0.0,0.0
2023-12-15 14:30:00-05:00,9.460000038146973,9.5,9.350000381469727,9.399999618530273,61720,0.0,0.0
2023-12-15 15:30:00-05:00,9.399999618530273,9.4399995803833,9.260000228881836,9.270000457763672,229384,0.0,0.0
2023-12-18 09:30:00-05:00,9.239999771118164,9.242500305175781,8.989999771118164,9.225000381469727,49051,0.0,0.0
2023-12-18 10:30:00-05:00,9.220000267028809,9.220000267028809,8.90999984741211,8.960000038146973,63867,0.0,0.0
2023-12-18 11:30:00-05:00,8.949999809265137,9.010000228881836,8.869999885559082,8.930000305175781,48935,0.0,0.0
2023-12-18 12:30:00-05:00,8.920000076293945,8.9399995803833,8.800000190734863,8.810199737548828,47577,0.0,0.0
2023-12-18 13:30:00-05:00,8.800000190734863,8.850000381469727,8.744999885559082,8.744999885559082,38028,0.0,0.0
2023-12-18 14:30:00-05:00,8.729999542236328,8.819000244140625,8.729999542236328,8.75,74615,0.0,0.0
2023-12-18 15:30:00-05:00,8.75,8.75,8.630000114440918,8.65999984741211,119931,0.0,0.0
2023-12-19 09:30:00-05:00,8.8100004196167,9.300000190734863,8.8100004196167,9.279999732971191,76491,0.0,0.0
2023-12-19 10:30:00-05:00,9.270000457763672,9.289999961853027,9.1850004196167,9.210000038146973,60077,0.0,0.0
2023-12-19 11:30:00-05:00,9.210000038146973,9.319999694824219,9.199999809265137,9.279999732971191,144123,0.0,0.0
2023-12-19 12:30:00-05:00,9.279999732971191,9.3100004196167,9.260000228881836,9.28499984741211,28074,0.0,0.0
2023-12-19 13:30:00-05:00,9.289999961853027,9.305000305175781,9.210000038146973,9.210000038146973,33267,0.0,0.0
2023-12-19 14:30:00-05:00,9.220000267028809,9.255000114440918,9.1899995803833,9.210000038146973,45536,0.0,0.0
2023-12-19 15:30:00-05:00,9.210000038146973,9.25,9.199999809265137,9.220000267028809,125876,0.0,0.0
2023-12-20 09:30:00-05:00,10.079999923706055,10.699999809265137,9.869999885559082,10.579999923706055,476480,0.0,0.0
2023-12-20 10:30:00-05:00,10.569999694824219,10.736499786376953,10.204700469970703,10.399999618530273,314832,0.0,0.0
2023-12-20 11:30:00-05:00,10.40999984741211,10.40999984741211,10.239999771118164,10.300000190734863,83203,0.0,0.0
2023-12-20 12:30:00-05:00,10.300000190734863,10.479999542236328,10.300000190734863,10.359999656677246,85731,0.0,0.0
2023-12-20 13:30:00-05:00,10.369999885559082,10.404999732971191,10.287500381469727,10.399999618530273,62812,0.0,0.0
2023-12-20 14:30:00-05:00,10.385000228881836,10.399999618530273,9.989999771118164,10.015000343322754,120899,0.0,0.0
2023-12-20 15:30:00-05:00,10.0,10.010000228881836,9.819999694824219,9.829999923706055,179732,0.0,0.0
2023-12-21 09:30:00-05:00,10.0600004196167,10.244999885559082,9.779999732971191,9.984999656677246,98642,0.0,0.0
2023-12-21 10:30:00-05:00,10.010000228881836,10.125,9.920000076293945,10.125,71014,0.0,0.0
2023-12-21 11:30:00-05:00,10.125,10.125,9.9399995803833,9.989999771118164,54166,0.0,0.0
2023-12-21 12:30:00-05:00,9.970000267028809,10.09000015258789,9.949999809265137,10.09000015258789,64999,0.0,0.0
2023-12-21 13:30:00-05:00,10.0600004196167,10.119999885559082,9.989999771118164,10.045000076293945,56991,0.0,0.0
2023-12-21 14:30:00-05:00,10.029999732971191,10.0600004196167,9.90999984741211,9.949999809265137,71573,0.0,0.0
2023-12-21 15:30:00-05:00,9.949999809265137,10.039999961853027,9.930000305175781,10.010000228881836,85434,0.0,0.0
2023-12-22 09:30:00-05:00,9.989999771118164,10.229999542236328,9.78499984741211,9.875,138918,0.0,0.0
2023-12-22 10:30:00-05:00,9.862899780273438,9.862899780273438,9.668000221252441,9.75,41736,0.0,0.0
2023-12-22 11:30:00-05:00,9.760000228881836,9.8100004196167,9.720000267028809,9.729999542236328,30187,0.0,0.0
2023-12-22 12:30:00-05:00,9.720000267028809,9.84000015258789,9.699999809265137,9.789999961853027,27343,0.0,0.0
2023-12-22 13:30:00-05:00,9.789999961853027,9.789999961853027,9.640000343322754,9.649999618530273,31255,0.0,0.0
2023-12-22 14:30:00-05:00,9.649999618530273,9.8149995803833,9.619999885559082,9.8149995803833,33154,0.0,0.0
2023-12-22 15:30:00-05:00,9.819999694824219,9.890000343322754,9.720000267028809,9.869999885559082,110354,0.0,0.0
2023-12-26 09:30:00-05:00,9.930000305175781,10.069999694824219,9.800000190734863,9.9399995803833,33101,0.0,0.0
2023-12-26 10:30:00-05:00,9.949999809265137,9.979999542236328,9.850000381469727,9.979999542236328,23717,0.0,0.0
2023-12-26 11:30:00-05:00,9.986000061035156,10.0600004196167,9.979999542236328,10.010000228881836,18770,0.0,0.0
2023-12-26 12:30:00-05:00,10.029999732971191,10.055000305175781,9.963000297546387,10.039999961853027,25512,0.0,0.0
2023-12-26 13:30:00-05:00,10.050000190734863,10.050000190734863,10.000399589538574,10.010000228881836,19691,0.0,0.0
2023-12-26 14:30:00-05:00,10.010000228881836,10.279999732971191,9.989999771118164,10.140000343322754,181329,0.0,0.0
2023-12-26 15:30:00-05:00,10.149999618530273,10.199999809265137,10.09000015258789,10.109999656677246,75681,0.0,0.0
2023-12-27 09:30:00-05:00,10.229999542236328,10.242400169372559,10.020000457763672,10.0600004196167,21107,0.0,0.0
2023-12-27 10:30:00-05:00,10.043800354003906,10.043800354003906,9.800000190734863,9.899999618530273,44006,0.0,0.0
2023-12-27 11:30:00-05:00,9.890000343322754,10.0,9.890000343322754,9.984999656677246,19494,0.0,0.0
2023-12-27 12:30:00-05:00,9.989999771118164,10.050000190734863,9.970000267028809,9.979999542236328,56692,0.0,0.0
2023-12-27 13:30:00-05:00,9.979999542236328,10.050000190734863,9.970000267028809,9.989999771118164,46367,0.0,0.0
2023-12-27 14:30:00-05:00,9.979999542236328,9.989999771118164,9.90999984741211,9.979999542236328,25540,0.0,0.0
2023-12-27 15:30:00-05:00,9.984999656677246,9.994999885559082,9.944999694824219,9.970000267028809,47689,0.0,0.0
2023-12-28 09:30:00-05:00,9.880000114440918,10.100000381469727,9.880000114440918,10.010000228881836,43345,0.0,0.0
2023-12-28 10:30:00-05:00,10.010000228881836,10.066200256347656,9.960000038146973,9.960000038146973,18294,0.0,0.0
2023-12-28 11:30:00-05:00,9.960000038146973,10.0,9.949999809265137,9.989999771118164,8826,0.0,0.0
2023-12-28 12:30:00-05:00,10.0,10.015000343322754,9.914999961853027,9.949999809265137,16709,0.0,0.0
2023-12-28 13:30:00-05:00,9.9399995803833,9.949999809265137,9.890000343322754,9.899999618530273,15749,0.0,0.0
2023-12-28 14:30:00-05:00,9.890000343322754,9.890000343322754,9.770000457763672,9.819999694824219,33613,0.0,0.0
2023-12-28 15:30:00-05:00,9.819999694824219,9.949999809265137,9.819999694824219,9.9399995803833,50120,0.0,0.0
2023-12-29 09:30:00-05:00,10.0,10.020000457763672,9.8100004196167,9.866399765014648,19697,0.0,0.0
2023-12-29 10:30:00-05:00,9.850000381469727,9.850000381469727,9.687000274658203,9.699999809265137,28144,0.0,0.0
2023-12-29 11:30:00-05:00,9.720000267028809,9.770000457763672,9.6899995803833,9.6899995803833,17505,0.0,0.0
2023-12-29 12:30:00-05:00,9.708700180053711,9.744999885559082,9.619999885559082,9.710000038146973,41264,0.0,0.0
2023-12-29 13:30:00-05:00,9.710000038146973,9.720000267028809,9.640000343322754,9.65999984741211,18206,0.0,0.0
2023-12-29 14:30:00-05:00,9.649999618530273,9.710000038146973,9.640000343322754,9.699999809265137,17250,0.0,0.0
2023-12-29 15:30:00-05:00,9.704999923706055,9.75,9.609999656677246,9.619999885559082,47702,0.0,0.0
2024-01-02 09:30:00-05:00,9.329999923706055,9.960000038146973,9.329999923706055,9.84000015258789,128920,0.0,0.0
2024-01-02 10:30:00-05:00,9.8149995803833,9.84000015258789,9.6899995803833,9.739999771118164,50981,0.0,0.0
2024-01-02 11:30:00-05:00,9.755000114440918,9.9399995803833,9.75,9.90999984741211,39263,0.0,0.0
2024-01-02 12:30:00-05:00,9.920000076293945,10.199999809265137,9.890000343322754,10.180000305175781,207027,0.0,0.0
2024-01-02 13:30:00-05:00,10.15999984741211,10.15999984741211,10.010000228881836,10.069999694824219,50883,0.0,0.0
2024-01-02 14:30:00-05:00,10.074999809265137,10.135000228881836,10.039999961853027,10.079999923706055,47202,0.0,0.0
2024-01-02 15:30:00-05:00,10.079999923706055,10.180000305175781,10.0600004196167,10.164999961853027,93331,0.0,0.0
2024-01-03 09:30:00-05:00,10.109999656677246,10.329999923706055,10.029999732971191,10.1899995803833,119586,0.0,0.0
2024-01-03 10:30:00-05:00,10.170000076293945,10.199999809265137,10.109999656677246,10.149999618530273,27204,0.0,0.0
2024-01-03 11:30:00-05:00,10.154999732971191,10.1899995803833,10.039999961853027,10.069999694824219,22410,0.0,0.0
2024-01-03 12:30:00-05:00,10.079999923706055,10.199999809265137,10.069999694824219,10.149999618530273,22395,0.0,0.0
2024-01-03 13:30:00-05:00,10.15999984741211,10.15999984741211,10.0600004196167,10.104999542236328,33651,0.0,0.0
2024-01-03 14:30:00-05:00,10.104999542236328,10.104999542236328,9.899999618530273,9.920000076293945,40775,0.0,0.0
2024-01-03 15:30:00-05:00,9.930000305175781,10.020000457763672,9.922599792480469,9.960000038146973,68595,0.0,0.0
2024-01-04 09:30:00-05:00,10.039999961853027,10.1850004196167,9.90999984741211,9.949999809265137,38828,0.0,0.0
2024-01-04 10:30:00-05:00,9.920000076293945,10.149999618530273,9.859999656677246,10.130000114440918,42683,0.0,0.0
2024-01-04 11:30:00-05:00,10.119999885559082,10.145000457763672,10.0,10.09000015258789,41794,0.0,0.0
2024-01-04 12:30:00-05:00,10.079999923706055,10.180000305175781,10.0600004196167,10.170000076293945,32127,0.0,0.0
2024-01-04 13:30:00-05:00,10.180000305175781,10.260000228881836,10.180000305175781,10.196200370788574,25639,0.0,0.0
2024-01-04 14:30:00-05:00,10.1899995803833,10.199999809265137,10.09000015258789,10.09000015258789,43684,0.0,0.0
2024-01-04 15:30:00-05:00,10.079999923706055,10.140000343322754,10.039999961853027,10.039999961853027,57823,0.0,0.0
2024-01-05 09:30:00-05:00,9.890000343322754,9.890000343322754,9.449999809265137,9.8100004196167,57103,0.0,0.0
2024-01-05 10:30:00-05:00,9.779999732971191,9.779999732971191,9.65999984741211,9.720000267028809,37836,0.0,0.0
2024-01-05 11:30:00-05:00,9.699999809265137,9.739999771118164,9.670000076293945,9.680000305175781,35300,0.0,0.0
2024-01-05 12:30:00-05:00,9.680000305175781,9.75,9.619999885559082,9.710000038146973,34649,0.0,0.0
2024-01-05 13:30:00-05:00,9.720000267028809,9.78499984741211,9.699999809265137,9.779999732971191,28030,0.0,0.0
2024-01-05 14:30:00-05:00,9.779999732971191,9.8100004196167,9.710000038146973,9.75,34040,0.0,0.0
2024-01-05 15:30:00-05:00,9.755000114440918,9.795000076293945,9.75,9.770000457763672,67958,0.0,0.0
2024-01-08 09:30:00-05:00,9.720000267028809,9.760000228881836,9.539999961853027,9.744999885559082,61459,0.0,0.0
2024-01-08 10:30:00-05:00,9.770000457763672,10.100000381469727,9.770000457763672,10.010000228881836,400581,0.0,0.0
2024-01-08 11:30:00-05:00,9.994999885559082,10.449999809265137,9.960000038146973,10.199999809265137,362116,0.0,0.0
2024-01-08 12:30:00-05:00,10.199999809265137,10.569999694824219,10.1899995803833,10.520000457763672,252394,0.0,0.0
2024-01-08 13:30:00-05:00,10.550000190734863,10.600000381469727,10.500200271606445,10.550000190734863,61864,0.0,0.0
2024-01-08 14:30:00-05:00,10.550000190734863,10.555000305175781,10.510000228881836,10.510000228881836,47184,0.0,0.0
2024-01-08 15:30:00-05:00,10.520000457763672,10.550000190734863,10.4399995803833,10.505000114440918,131257,0.0,0.0
2024-01-09 09:30:00-05:00,10.4399995803833,10.5600004196167,10.239999771118164,10.359999656677246,68750,0.0,0.0
2024-01-09 10:30:00-05:00,10.359999656677246,10.420000076293945,10.143600463867188,10.180000305175781,45978,0.0,0.0
2024-01-09 11:30:00-05:00,10.199999809265137,10.255000114440918,10.149999618530273,10.239999771118164,45816,0.0,0.0
2024-01-09 12:30:00-05:00,10.229999542236328,10.260000228881836,10.100000381469727,10.229999542236328,32239,0.0,0.0
2024-01-09 13:30:00-05:00,10.220000267028809,10.3100004196167,10.1899995803833,10.260000228881836,38412,0.0,0.0
2024-01-09 14:30:00-05:00,10.270000457763672,10.34000015258789,10.25,10.319999694824219,67137,0.0,0.0
2024-01-09 15:30:00-05:00,10.319999694824219,10.319999694824219,10.180000305175781,10.180000305175781,100948,0.0,0.0
2024-01-10 09:30:00-05:00,10.130000114440918,10.579999923706055,9.880000114440918,9.9399995803833,77745,0.0,0.0
2024-01-10 10:30:00-05:00,9.923500061035156,10.359999656677246,9.90999984741211,10.335000038146973,248238,0.0,0.0
2024-01-10 11:30:00-05:00,10.359999656677246,10.479999542236328,10.210000038146973,10.460000038146973,254726,0.0,0.0
2024-01-10 12:30:00-05:00,10.449999809265137,10.699999809265137,10.395000457763672,10.479399681091309,134814,0.0,0.0
2024-01-10 13:30:00-05:00,10.5,10.649999618530273,10.4399995803833,10.649999618530273,103353,0.0,0.0
2024-01-10 14:30:00-05:00,10.65999984741211,10.899999618530273,10.5600004196167,10.765000343322754,215810,0.0,0.0
2024-01-10 15:30:00-05:00,10.779999732971191,10.949999809265137,10.6899995803833,10.850000381469727,306608,0.0,0.0
2024-01-11 09:30:00-05:00,10.699999809265137,10.770000457763672,10.329999923706055,10.359999656677246,52311,0.0,0.0
2024-01-11 10:30:00-05:00,10.359999656677246,10.489999771118164,10.149999618530273,10.319999694824219,91405,0.0,0.0
2024-01-11 11:30:00-05:00,10.329999923706055,10.40999984741211,10.119999885559082,10.119999885559082,57946,0.0,0.0
2024-01-11 12:30:00-05:00,10.119999885559082,10.258399963378906,10.100000381469727,10.1899995803833,79870,0.0,0.0
2024-01-11 13:30:00-05:00,10.1899995803833,10.199999809265137,10.09000015258789,10.15999984741211,50257,0.0,0.0
2024-01-11 14:30:00-05:00,10.15999984741211,10.428999900817871,10.140000343322754,10.385000228881836,209271,0.0,0.0
2024-01-11 15:30:00-05:00,10.369999885559082,10.385000228881836,10.270000457763672,10.305000305175781,101127,0.0,0.0
2024-01-12 09:30:00-05:00,10.420000076293945,10.989999771118164,10.420000076293945,10.78499984741211,154332,0.0,0.0
2024-01-12 10:30:00-05:00,10.800000190734863,10.90999984741211,10.529999732971191,10.550000190734863,52272,0.0,0.0
2024-01-12 11:30:00-05:00,10.545000076293945,10.569999694824219,10.430000305175781,10.5,51304,0.0,0.0
2024-01-12 12:30:00-05:00,10.5,10.640000343322754,10.470000267028809,10.579999923706055,57353,0.0,0.0
2024-01-12 13:30:00-05:00,10.5600004196167,10.600000381469727,10.520000457763672,10.581500053405762,28815,0.0,0.0
2024-01-12 14:30:00-05:00,10.579999923706055,10.609999656677246,10.4399995803833,10.600000381469727,128367,0.0,0.0
2024-01-12 15:30:00-05:00,10.600000381469727,10.770000457763672,10.600000381469727,10.699999809265137,123127,0.0,0.0
2024-01-16 09:30:00-05:00,10.510000228881836,10.725000381469727,10.430000305175781,10.579999923706055,79530,0.0,0.0
2024-01-16 10:30:00-05:00,10.574999809265137,10.899999618530273,10.420000076293945,10.890000343322754,157875,0.0,0.0
2024-01-16 11:30:00-05:00,10.890000343322754,11.0600004196167,10.760000228881836,10.875,157219,0.0,0.0
2024-01-16 12:30:00-05:00,10.890000343322754,11.180000305175781,10.84000015258789,10.890000343322754,183020,0.0,0.0
2024-01-16 13:30:00-05:00,10.890000343322754,10.989999771118164,10.739999771118164,10.970000267028809,75102,0.0,0.0
2024-01-16 14:30:00-05:00,10.949999809265137,11.055000305175781,10.920000076293945,11.020000457763672,63490,0.0,0.0
2024-01-16 15:30:00-05:00,11.029999732971191,11.029999732971191,10.800000190734863,10.90999984741211,146583,0.0,0.0
2024-01-17 09:30:00-05:00,10.729999542236328,10.960000038146973,10.520000457763672,10.699999809265137,100847,0.0,0.0
2024-01-17 10:30:00-05:00,10.699999809265137,10.699999809265137,10.4399995803833,10.479999542236328,111472,0.0,0.0
2024-01-17 11:30:00-05:00,10.470000267028809,10.539899826049805,10.270000457763672,10.289999961853027,162704,0.0,0.0
2024-01-17 12:30:00-05:00,10.289999961853027,10.34000015258789,10.180000305175781,10.34000015258789,125991,0.0,0.0
2024-01-17 13:30:00-05:00,10.34000015258789,10.34000015258789,10.244999885559082,10.300000190734863,147690,0.0,0.0
2024-01-17 14:30:00-05:00,10.305000305175781,10.569999694824219,10.305000305175781,10.359999656677246,151127,0.0,0.0
2024-01-17 15:30:00-05:00,10.369000434875488,10.569999694824219,10.350000381469727,10.5600004196167,154950,0.0,0.0
2024-01-18 09:30:00-05:00,10.6899995803833,10.6899995803833,10.3149995803833,10.390000343322754,52550,0.0,0.0
2024-01-18 10:30:00-05:00,10.390000343322754,10.449999809265137,10.239999771118164,10.270000457763672,80722,0.0,0.0
2024-01-18 11:30:00-05:00,10.270000457763672,10.550000190734863,10.149999618530273,10.520000457763672,65201,0.0,0.0
2024-01-18 12:30:00-05:00,10.520000457763672,10.574999809265137,10.4399995803833,10.479999542236328,76646,0.0,0.0
2024-01-18 13:30:00-05:00,10.489999771118164,10.539999961853027,10.449999809265137,10.479999542236328,64093,0.0,0.0
2024-01-18 14:30:00-05:00,10.489999771118164,10.720000267028809,10.489999771118164,10.609999656677246,215184,0.0,0.0
2024-01-18 15:30:00-05:00,10.619999885559082,10.819999694824219,10.619999885559082,10.739999771118164,171016,0.0,0.0
2024-01-19 09:30:00-05:00,10.829999923706055,11.899999618530273,10.770000457763672,11.71560001373291,584884,0.0,0.0
2024-01-19 10:30:00-05:00,11.71500015258789,12.020000457763672,11.649999618530273,12.020000457763672,367585,0.0,0.0
2024-01-19 11:30:00-05:00,12.0108003616333,12.029999732971191,11.84000015258789,11.899999618530273,129651,0.0,0.0
2024-01-19 12:30:00-05:00,11.890000343322754,11.970000267028809,11.760000228881836,11.829999923706055,110090,0.0,0.0
2024-01-19 13:30:00-05:00,11.829999923706055,12.100000381469727,11.75,12.0,109935,0.0,0.0
2024-01-19 14:30:00-05:00,11.989999771118164,11.994999885559082,11.829999923706055,11.9399995803833,144547,0.0,0.0
2024-01-19 15:30:00-05:00,11.9350004196167,12.050000190734863,11.869999885559082,12.0,163271,0.0,0.0
2024-01-22 09:30:00-05:00,12.100000381469727,12.40999984741211,12.010000228881836,12.369999885559082,269076,0.0,0.0
2024-01-22 10:30:00-05:00,12.404999732971191,12.470000267028809,12.079999923706055,12.220000267028809,166196,0.0,0.0
2024-01-22 11:30:00-05:00,12.239999771118164,12.329999923706055,12.010000228881836,12.15999984741211,90267,0.0,0.0
2024-01-22 12:30:00-05:00,12.15939998626709,12.15939998626709,11.930000305175781,11.9399995803833,92403,0.0,0.0
2024-01-22 13:30:00-05:00,11.9350004196167,12.180000305175781,11.9350004196167,12.079999923706055,121807,0.0,0.0
2024-01-22 14:30:00-05:00,12.079999923706055,12.154999732971191,12.0649995803833,12.149999618530273,70886,0.0,0.0
2024-01-22 15:30:00-05:00,12.149999618530273,12.15999984741211,12.010000228881836,12.104999542236328,168004,0.0,0.0
2024-01-23 09:30:00-05:00,12.15999984741211,12.619999885559082,12.069999694824219,12.550000190734863,191601,0.0,0.0
2024-01-23 10:30:00-05:00,12.550000190734863,12.699999809265137,12.420000076293945,12.555000305175781,157089,0.0,0.0
2024-01-23 11:30:00-05:00,12.555000305175781,12.600000381469727,12.0600004196167,12.204999923706055,160284,0.0,0.0
2024-01-23 12:30:00-05:00,12.204999923706055,12.260000228881836,12.055000305175781,12.09000015258789,86384,0.0,0.0
2024-01-23 13:30:00-05:00,12.130000114440918,12.260000228881836,12.0600004196167,12.149999618530273,76770,0.0,0.0
2024-01-23 14:30:00-05:00,12.140000343322754,12.164999961853027,12.029999732971191,12.050000190734863,74410,0.0,0.0
2024-01-23 15:30:00-05:00,12.029999732971191,12.079999923706055,11.9399995803833,12.0,145920,0.0,0.0
2024-01-24 09:30:00-05:00,12.550000190734863,12.600000381469727,12.024999618530273,12.079999923706055,97593,0.0,0.0
2024-01-24 10:30:00-05:00,12.050000190734863,12.053799629211426,11.880000114440918,11.970000267028809,34801,0.0,0.0
2024-01-24 11:30:00-05:00,11.979999542236328,11.989999771118164,11.765000343322754,11.770000457763672,90887,0.0,0.0
2024-01-24 12:30:00-05:00,11.770000457763672,12.0,11.729999542236328,11.880000114440918,54618,0.0,0.0
2024-01-24 13:30:00-05:00,11.880000114440918,11.890000343322754,11.774999618530273,11.800000190734863,39284,0.0,0.0
2024-01-24 14:30:00-05:00,11.800000190734863,11.864999771118164,11.75,11.850000381469727,100612,0.0,0.0
2024-01-24 15:30:00-05:00,11.829999923706055,12.079999923706055,11.8100004196167,12.0,217523,0.0,0.0
2024-01-25 09:30:00-05:00,12.329999923706055,12.720000267028809,12.239999771118164,12.556900024414062,116880,0.0,0.0
2024-01-25 10:30:00-05:00,12.569999694824219,12.569999694824219,12.359999656677246,12.5600004196167,71871,0.0,0.0
2024-01-25 11:30:00-05:00,12.569999694824219,12.710000038146973,12.5,12.609999656677246,180127,0.0,0.0
2024-01-25 12:30:00-05:00,12.59000015258789,12.800000190734863,12.574999809265137,12.65999984741211,67410,0.0,0.0
2024-01-25 13:30:00-05:00,12.65999984741211,12.989999771118164,12.640000343322754,12.880000114440918,119354,0.0,0.0
2024-01-25 14:30:00-05:00,12.890000343322754,12.9399995803833,12.649999618530273,12.649999618530273,103474,0.0,0.0
2024-01-25 15:30:00-05:00,12.640000343322754,12.800000190734863,12.529999732971191,12.789999961853027,166019,0.0,0.0
2024-01-26 09:30:00-05:00,12.880000114440918,13.01830005645752,12.5,12.550000190734863,58143,0.0,0.0
2024-01-26 10:30:00-05:00,12.529999732971191,13.039999961853027,12.505000114440918,12.981800079345703,137718,0.0,0.0
2024-01-26 11:30:00-05:00,12.984999656677246,13.079999923706055,12.869999885559082,12.989999771118164,139538,0.0,0.0
2024-01-26 12:30:00-05:00,13.0,13.119999885559082,12.930000305175781,13.0600004196167,86461,0.0,0.0
2024-01-26 13:30:00-05:00,13.069999694824219,13.449999809265137,12.979999542236328,13.390000343322754,204932,0.0,0.0
2024-01-26 14:30:00-05:00,13.369999885559082,13.460000038146973,13.074199676513672,13.140000343322754,156026,0.0,0.0
2024-01-26 15:30:00-05:00,13.130000114440918,13.380000114440918,13.109999656677246,13.229999542236328,344197,0.0,0.0
2024-01-29 09:30:00-05:00,13.170000076293945,13.479999542236328,12.869999885559082,13.359999656677246,139482,0.0,0.0
2024-01-29 10:30:00-05:00,13.359999656677246,13.379599571228027,13.25,13.319999694824219,63898,0.0,0.0
2024-01-29 11:30:00-05:00,13.319999694824219,13.40999984741211,13.250100135803223,13.350000381469727,190702,0.0,0.0
2024-01-29 12:30:00-05:00,13.369999885559082,13.380000114440918,13.3100004196167,13.350000381469727,69453,0.0,0.0
2024-01-29 13:30:00-05:00,13.345000267028809,13.460000038146973,13.149999618530273,13.412599563598633,175232,0.0,0.0
2024-01-29 14:30:00-05:00,13.420000076293945,13.819999694824219,13.399999618530273,13.5649995803833,197890,0.0,0.0
2024-01-29 15:30:00-05:00,13.5649995803833,13.670000076293945,13.4399995803833,13.649999618530273,241819,0.0,0.0
2024-01-30 09:30:00-05:00,13.539999961853027,13.764399528503418,13.380000114440918,13.579999923706055,166677,0.0,0.0
2024-01-30 10:30:00-05:00,13.529999732971191,13.760000228881836,13.510000228881836,13.75,70091,0.0,0.0
2024-01-30 11:30:00-05:00,13.755000114440918,13.859999656677246,13.510000228881836,13.614999771118164,163634,0.0,0.0
2024-01-30 12:30:00-05:00,13.619999885559082,13.710000038146973,13.59000015258789,13.699999809265137,51701,0.0,0.0
2024-01-30 13:30:00-05:00,13.6899995803833,13.739999771118164,13.680000305175781,13.729999542236328,48678,0.0,0.0
2024-01-30 14:30:00-05:00,13.729999542236328,14.039899826049805,13.720000267028809,13.989999771118164,159526,0.0,0.0
2024-01-30 15:30:00-05:00,13.989999771118164,14.020000457763672,13.739999771118164,14.0,496719,0.0,0.0
2024-01-31 09:30:00-05:00,13.859999656677246,14.380000114440918,13.720000267028809,14.34000015258789,232190,0.0,0.0
2024-01-31 10:30:00-05:00,14.354999542236328,14.399999618530273,14.0600004196167,14.1850004196167,135470,0.0,0.0
2024-01-31 11:30:00-05:00,14.189499855041504,14.220000267028809,14.0,14.10990047454834,156686,0.0,0.0
2024-01-31 12:30:00-05:00,14.104999542236328,14.350000381469727,14.100000381469727,14.199999809265137,104191,0.0,0.0
2024-01-31 13:30:00-05:00,14.210000038146973,14.600000381469727,14.140000343322754,14.470000267028809,325928,0.0,0.0
2024-01-31 14:30:00-05:00,14.489999771118164,14.770000457763672,14.199999809265137,14.350000381469727,221763,0.0,0.0
2024-01-31 15:30:00-05:00,14.345000267028809,14.350000381469727,14.010000228881836,14.3100004196167,404593,0.0,0.0
2024-02-01 09:30:00-05:00,14.399999618530273,14.800000190734863,14.229999542236328,14.73859977722168,228419,0.0,0.0
2024-02-01 10:30:00-05:00,14.720000267028809,14.904999732971191,14.069999694824219,14.446000099182129,521089,0.0,0.0
2024-02-01 11:30:00-05:00,14.444999694824219,14.795000076293945,14.444999694824219,14.756199836730957,105011,0.0,0.0
2024-02-01 12:30:00-05:00,14.757800102233887,14.979999542236328,14.739999771118164,14.880000114440918,106010,0.0,0.0
2024-02-01 13:30:00-05:00,14.875,15.199999809265137,14.829999923706055,15.109999656677246,130532,0.0,0.0
2024-02-01 14:30:00-05:00,15.109999656677246,15.180000305175781,14.864999771118164,15.140000343322754,143093,0.0,0.0
2024-02-01 15:30:00-05:00,15.130000114440918,15.369999885559082,15.069999694824219,15.260000228881836,342961,0.0,0.0
2024-02-02 09:30:00-05:00,15.140000343322754,15.550000190734863,14.920000076293945,15.470000267028809,354823,0.0,0.0
2024-02-02 10:30:00-05:00,15.460000038146973,15.59000015258789,14.979999542236328,15.1850004196167,204638,0.0,0.0
2024-02-02 11:30:00-05:00,15.180000305175781,15.670000076293945,15.125,15.454999923706055,463568,0.0,0.0
2024-02-02 12:30:00-05:00,15.454999923706055,15.699999809265137,15.133399963378906,15.25,187227,0.0,0.0
2024-02-02 13:30:00-05:00,15.251999855041504,15.510000228881836,15.199999809265137,15.5,174933,0.0,0.0
2024-02-02 14:30:00-05:00,15.5,15.864999771118164,15.451000213623047,15.819999694824219,155842,0.0,0.0
2024-02-02 15:30:00-05:00,15.819999694824219,15.829999923706055,15.399999618530273,15.4399995803833,279588,0.0,0.0
2024-02-05 09:30:00-05:00,15.329999923706055,16.449899673461914,15.3100004196167,16.405000686645508,416619,0.0,0.0
2024-02-05 10:30:00-05:00,16.405000686645508,16.405000686645508,16.0,16.359100341796875,245968,0.0,0.0
2024-02-05 11:30:00-05:00,16.358999252319336,16.5,16.34000015258789,16.450000762939453,284717,0.0,0.0
2024-02-05 12:30:00-05:00,16.44499969482422,16.65999984741211,16.440000534057617,16.659900665283203,140311,0.0,0.0
2024-02-05 13:30:00-05:00,16.65999984741211,16.65999984741211,16.450000762939453,16.575000762939453,164786,0.0,0.0
2024-02-05 14:30:00-05:00,16.559999465942383,16.6875,16.559999465942383,16.670000076293945,86247,0.0,0.0
2024-02-05 15:30:00-05:00,16.670000076293945,16.850000381469727,16.585500717163086,16.760000228881836,321832,0.0,0.0
2024-02-06 09:30:00-05:00,16.75,17.149999618530273,16.3700008392334,16.64940071105957,433950,0.0,0.0
2024-02-06 10:30:00-05:00,16.6299991607666,16.759899139404297,16.399999618530273,16.6299991607666,99488,0.0,0.0
2024-02-06 11:30:00-05:00,16.6200008392334,16.850000381469727,16.530000686645508,16.690000534057617,79345,0.0,0.0
2024-02-06 12:30:00-05:00,16.670000076293945,16.75,16.6200008392334,16.649999618530273,60082,0.0,0.0
2024-02-06 13:30:00-05:00,16.639999389648438,16.80500030517578,16.6299991607666,16.700000762939453,69141,0.0,0.0
2024-02-06 14:30:00-05:00,16.700000762939453,16.920000076293945,16.610000610351562,16.889999389648438,202226,0.0,0.0
2024-02-06 15:30:00-05:00,16.889999389648438,17.309999465942383,16.889999389648438,17.260000228881836,323421,0.0,0.0
2024-02-07 09:30:00-05:00,17.34000015258789,18.100000381469727,17.295000076293945,17.43000030517578,443774,0.0,0.0
2024-02-07 10:30:00-05:00,17.406299591064453,17.950000762939453,17.3799991607666,17.6200008392334,265778,0.0,0.0
2024-02-07 11:30:00-05:00,17.625,17.68000030517578,17.253999710083008,17.469999313354492,196598,0.0,0.0
2024-02-07 12:30:00-05:00,17.450700759887695,17.610000610351562,17.013999938964844,17.440000534057617,318889,0.0,0.0
2024-02-07 13:30:00-05:00,17.459999084472656,17.799999237060547,17.3799991607666,17.43000030517578,247629,0.0,0.0
2024-02-07 14:30:00-05:00,17.43000030517578,17.549999237060547,17.34000015258789,17.489999771118164,238453,0.0,0.0
2024-02-07 15:30:00-05:00,17.4950008392334,17.5,17.388999938964844,17.440000534057617,329930,0.0,0.0
2024-02-08 09:30:00-05:00,17.360000610351562,18.450000762939453,17.309999465942383,18.420000076293945,150656,0.0,0.0
2024-02-08 10:30:00-05:00,18.40999984741211,18.850000381469727,18.165000915527344,18.385000228881836,241948,0.0,0.0
2024-02-08 11:30:00-05:00,18.3799991607666,18.655000686645508,18.34000015258789,18.635000228881836,96242,0.0,0.0
2024-02-08 12:30:00-05:00,18.639999389648438,18.716400146484375,18.469999313354492,18.625,405175,0.0,0.0
2024-02-08 13:30:00-05:00,18.6299991607666,18.655000686645508,18.479999542236328,18.59000015258789,140148,0.0,0.0
2024-02-08 14:30:00-05:00,18.600000381469727,18.610000610351562,18.25,18.450000762939453,375065,0.0,0.0
2024-02-08 15:30:00-05:00,18.450000762939453,18.510000228881836,18.190000534057617,18.309999465942383,443441,0.0,0.0
2024-02-09 09:30:00-05:00,18.309999465942383,18.729999542236328,17.760099411010742,18.020000457763672,407187,0.0,0.0
2024-02-09 10:30:00-05:00,18.040000915527344,18.100000381469727,17.780000686645508,17.790000915527344,162199,0.0,0.0
2024-02-09 11:30:00-05:00,17.790000915527344,17.950000762939453,17.639999389648438,17.850000381469727,222117,0.0,0.0
2024-02-09 12:30:00-05:00,17.84000015258789,17.850000381469727,17.34000015258789,17.454999923706055,141697,0.0,0.0
2024-02-09 13:30:00-05:00,17.459999084472656,17.459999084472656,16.770000457763672,17.09000015258789,269248,0.0,0.0
2024-02-09 14:30:00-05:00,17.100000381469727,17.139999389648438,16.899999618530273,16.94499969482422,175913,0.0,0.0
2024-02-09 15:30:00-05:00,16.94499969482422,17.344999313354492,16.940000534057617,17.31999969482422,330318,0.0,0.0
2024-02-12 09:30:00-05:00,17.559999465942383,18.18000030517578,17.520000457763672,18.15999984741211,168559,0.0,0.0
2024-02-12 10:30:00-05:00,18.15999984741211,18.434999465942383,17.941999435424805,18.17009925842285,204463,0.0,0.0
2024-02-12 11:30:00-05:00,18.200000762939453,18.31999969482422,17.90999984741211,17.90999984741211,180486,0.0,0.0
2024-02-12 12:30:00-05:00,17.899999618530273,17.969999313354492,17.719999313354492,17.780000686645508,137499,0.0,0.0
2024-02-12 13:30:00-05:00,17.774999618530273,17.920000076293945,17.690000534057617,17.920000076293945,65574,0.0,0.0
2024-02-12 14:30:00-05:00,17.899999618530273,17.920000076293945,17.770000457763672,17.860000610351562,71451,0.0,0.0
2024-02-12 15:30:00-05:00,17.864999771118164,18.059999465942383,17.84000015258789,17.920000076293945,254900,0.0,0.0
2024-02-13 09:30:00-05:00,16.979999542236328,17.399999618530273,16.690000534057617,17.0,217784,0.0,0.0
2024-02-13 10:30:00-05:00,17.020000457763672,17.440000534057617,17.0,17.239999771118164,139123,0.0,0.0
2024-02-13 11:30:00-05:00,17.229999542236328,17.389999389648438,17.049999237060547,17.204999923706055,136369,0.0,0.0
2024-02-13 12:30:00-05:00,17.209999084472656,17.350000381469727,17.139999389648438,17.290000915527344,83519,0.0,0.0
2024-02-13 13:30:00-05:00,17.280000686645508,17.479999542236328,17.209999084472656,17.43000030517578,66965,0.0,0.0
2024-02-13 14:30:00-05:00,17.43000030517578,17.43000030517578,17.1299991607666,17.239999771118164,90236,0.0,0.0
2024-02-13 15:30:00-05:00,17.260000228881836,17.399999618530273,17.209999084472656,17.34000015258789,180070,0.0,0.0
2024-02-14 09:30:00-05:00,16.6200008392334,17.56999969482422,16.600000381469727,17.530000686645508,234955,0.0,0.0
2024-02-14 10:30:00-05:00,17.520000457763672,17.700000762939453,17.40999984741211,17.540000915527344,94309,0.0,0.0
2024-02-14 11:30:00-05:00,17.524999618530273,17.68000030517578,17.43000030517578,17.540000915527344,98544,0.0,0.0
2024-02-14 12:30:00-05:00,17.526599884033203,17.526599884033203,17.139999389648438,17.299999237060547,61624,0.0,0.0
2024-02-14 13:30:00-05:00,17.31999969482422,17.51799964904785,17.190000534057617,17.450000762939453,70055,0.0,0.0
2024-02-14 14:30:00-05:00,17.43000030517578,17.459999084472656,17.219999313354492,17.274999618530273,75017,0.0,0.0
2024-02-14 15:30:00-05:00,17.274999618530273,17.280000686645508,17.1299991607666,17.1299991607666,184233,0.0,0.0
2024-02-15 09:30:00-05:00,16.889999389648438,17.34000015258789,16.31999969482422,17.09000015258789,230593,0.0,0.0
2024-02-15 10:30:00-05:00,17.049999237060547,17.489999771118164,16.97480010986328,17.459999084472656,110903,0.0,0.0
2024-02-15 11:30:00-05:00,17.450000762939453,17.700000762939453,17.34000015258789,17.399999618530273,102106,0.0,0.0
2024-02-15 12:30:00-05:00,17.420000076293945,17.604999542236328,17.405000686645508,17.540000915527344,61902,0.0,0.0
2024-02-15 13:30:00-05:00,17.559999465942383,17.6200008392334,17.479999542236328,17.6200008392334,69685,0.0,0.0
2024-02-15 14:30:00-05:00,17.6200008392334,17.649999618530273,17.25,17.389999389648438,105235,0.0,0.0
2024-02-15 15:30:00-05:00,17.399999618530273,17.450000762939453,17.229999542236328,17.40999984741211,233205,0.0,0.0
2024-02-16 09:30:00-05:00,17.235000610351562,17.43000030517578,16.8799991607666,16.950000762939453,123696,0.0,0.0
2024-02-16 10:30:00-05:00,16.90999984741211,17.1200008392334,16.850000381469727,17.09000015258789,148504,0.0,0.0
2024-02-16 11:30:00-05:00,17.09000015258789,17.170000076293945,16.985000610351562,17.049999237060547,128831,0.0,0.0
2024-02-16 12:30:00-05:00,17.049999237060547,17.405000686645508,17.030000686645508,17.389999389648438,116240,0.0,0.0
2024-02-16 13:30:00-05:00,17.399999618530273,17.5,17.3700008392334,17.450000762939453,91826,0.0,0.0
2024-02-16 14:30:00-05:00,17.440000534057617,17.450000762939453,17.200000762939453,17.2549991607666,78834,0.0,0.0
2024-02-16 15:30:00-05:00,17.260000228881836,17.364999771118164,17.18000030517578,17.270000457763672,154530,0.0,0.0
2024-02-20 09:30:00-05:00,17.1299991607666,17.61370086669922,16.969999313354492,16.989999771118164,111417,0.0,0.0
2024-02-20 10:30:00-05:00,17.010000228881836,17.114999771118164,16.885000228881836,17.040000915527344,103736,0.0,0.0
2024-02-20 11:30:00-05:00,17.059999465942383,17.219999313354492,16.950000762939453,17.190000534057617,91971,0.0,0.0
2024-02-20 12:30:00-05:00,17.184999465942383,17.34000015258789,17.15999984741211,17.299999237060547,82535,0.0,0.0
2024-02-20 13:30:00-05:00,17.299999237060547,17.299999237060547,17.09000015258789,17.200000762939453,87426,0.0,0.0
2024-02-20 14:30:00-05:00,17.209999084472656,17.270000457763672,17.1200008392334,17.15999984741211,92662,0.0,0.0
2024-02-20 15:30:00-05:00,17.149999618530273,17.15999984741211,17.104999542236328,17.15999984741211,181086,0.0,0.0
2024-02-21 09:30:00-05:00,17.030000686645508,17.3799991607666,17.030000686645508,17.18000030517578,82571,0.0,0.0
2024-02-21 10:30:00-05:00,17.15999984741211,17.15999984741211,16.950000762939453,17.079999923706055,50828,0.0,0.0
2024-02-21 11:30:00-05:00,17.06999969482422,17.209999084472656,17.06999969482422,17.13050079345703,46920,0.0,0.0
2024-02-21 12:30:00-05:00,17.149999618530273,17.149999618530273,16.799999237060547,16.829999923706055,67573,0.0,0.0
2024-02-21 13:30:00-05:00,16.829999923706055,17.05500030517578,16.81999969482422,16.979999542236328,46754,0.0,0.0
2024-02-21 14:30:00-05:00,16.989999771118164,17.030000686645508,16.954999923706055,17.0,52068,0.0,0.0
2024-02-21 15:30:00-05:00,16.99799919128418,17.06999969482422,16.889999389648438,17.040000915527344,218185,0.0,0.0
2024-02-22 09:30:00-05:00,17.1299991607666,18.450000762939453,16.969999313354492,17.020000457763672,341630,0.0,0.0
2024-02-22 10:30:00-05:00,17.023700714111328,17.399999618530273,17.010000228881836,17.350000381469727,79801,0.0,0.0
2024-02-22 11:30:00-05:00,17.34000015258789,17.3700008392334,17.15999984741211,17.31999969482422,44530,0.0,0.0
2024-02-22 12:30:00-05:00,17.31999969482422,17.459999084472656,17.270000457763672,17.290000915527344,53509,0.0,0.0
2024-02-22 13:30:00-05:00,17.28499984741211,17.3799991607666,17.170000076293945,17.18000030517578,47567,0.0,0.0
2024-02-22 14:30:00-05:00,17.170000076293945,17.25,17.020000457763672,17.149999618530273,83610,0.0,0.0
2024-02-22 15:30:00-05:00,17.149999618530273,17.260000228881836,17.079999923706055,17.079999923706055,161651,0.0,0.0
2024-02-23 09:30:00-05:00,17.1299991607666,17.600000381469727,17.125,17.520000457763672,70985,0.0,0.0
2024-02-23 10:30:00-05:00,17.514999389648438,17.600000381469727,17.399999618530273,17.520000457763672,84294,0.0,0.0
2024-02-23 11:30:00-05:00,17.530000686645508,17.770000457763672,17.399999618530273,17.735000610351562,109578,0.0,0.0
2024-02-23 12:30:00-05:00,17.739999771118164,18.06999969482422,17.725000381469727,18.020000457763672,160212,0.0,0.0
2024-02-23 13:30:00-05:00,18.030000686645508,18.045000076293945,17.790000915527344,17.889999389648438,124245,0.0,0.0
2024-02-23 14:30:00-05:00,17.889999389648438,18.104999542236328,17.81999969482422,18.059999465942383,134278,0.0,0.0
2024-02-23 15:30:00-05:00,18.049999237060547,18.190000534057617,18.049999237060547,18.100000381469727,206818,0.0,0.0
2024-02-26 09:30:00-05:00,18.0,18.479999542236328,17.149999618530273,17.25,173324,0.0,0.0
2024-02-26 10:30:00-05:00,17.229999542236328,17.229999542236328,16.780000686645508,17.079999923706055,230071,0.0,0.0
2024-02-26 11:30:00-05:00,17.06999969482422,17.260000228881836,16.86870002746582,17.170000076293945,194862,0.0,0.0
2024-02-26 12:30:00-05:00,17.170000076293945,17.510000228881836,17.104900360107422,17.31999969482422,118897,0.0,0.0
2024-02-26 13:30:00-05:00,17.309999465942383,17.540000915527344,17.170000076293945,17.350000381469727,126833,0.0,0.0
2024-02-26 14:30:00-05:00,17.350000381469727,17.40999984741211,16.700000762939453,16.700000762939453,160686,0.0,0.0
2024-02-26 15:30:00-05:00,16.700000762939453,16.920000076293945,16.549999237060547,16.81999969482422,548448,0.0,0.0
2024-02-27 09:30:00-05:00,16.989999771118164,17.56999969482422,16.40999984741211,16.93000030517578,270231,0.0,0.0
2024-02-27 10:30:00-05:00,16.915000915527344,18.3700008392334,16.889999389648438,18.31999969482422,207490,0.0,0.0
2024-02-27 11:30:00-05:00,18.31999969482422,18.520000457763672,17.530000686645508,17.530000686645508,240088,0.0,0.0
2024-02-27 12:30:00-05:00,17.530000686645508,17.670000076293945,17.260000228881836,17.299999237060547,153822,0.0,0.0
2024-02-27 13:30:00-05:00,17.299999237060547,17.389999389648438,17.210100173950195,17.31999969482422,95979,0.0,0.0
2024-02-27 14:30:00-05:00,17.300500869750977,17.315000534057617,17.05500030517578,17.25,144422,0.0,0.0
2024-02-27 15:30:00-05:00,17.25,17.350000381469727,17.200000762939453,17.264999389648438,228219,0.0,0.0
2024-02-28 09:30:00-05:00,17.219999313354492,17.809999465942383,17.210100173950195,17.389999389648438,72876,0.0,0.0
2024-02-28 10:30:00-05:00,17.329999923706055,17.40999984741211,17.1299991607666,17.290000915527344,73624,0.0,0.0
2024-02-28 11:30:00-05:00,17.299999237060547,17.38249969482422,17.200000762939453,17.350000381469727,65911,0.0,0.0
2024-02-28 12:30:00-05:00,17.329999923706055,17.360000610351562,17.219999313354492,17.34000015258789,62103,0.0,0.0
2024-02-28 13:30:00-05:00,17.329999923706055,17.350000381469727,17.06999969482422,17.084999084472656,51972,0.0,0.0
2024-02-28 14:30:00-05:00,17.079999923706055,17.249900817871094,17.030000686645508,17.200000762939453,62983,0.0,0.0
2024-02-28 15:30:00-05:00,17.219999313354492,17.34000015258789,17.09000015258789,17.190000534057617,252636,0.0,0.0
2024-02-29 09:30:00-05:00,17.809999465942383,18.5,17.635000228881836,18.040000915527344,213681,0.0,0.0
2024-02-29 10:30:00-05:00,18.06999969482422,18.18000030517578,17.860000610351562,18.06999969482422,124439,0.0,0.0
2024-02-29 11:30:00-05:00,18.040000915527344,18.469999313354492,18.010000228881836,18.334999084472656,154161,0.0,0.0
2024-02-29 12:30:00-05:00,18.329999923706055,18.540000915527344,18.299999237060547,18.513599395751953,97963,0.0,0.0
2024-02-29 13:30:00-05:00,18.510000228881836,18.600000381469727,18.3700008392334,18.5,95344,0.0,0.0
2024-02-29 14:30:00-05:00,18.5,18.600000381469727,17.989999771118164,18.139999389648438,172455,0.0,0.0
2024-02-29 15:30:00-05:00,18.149999618530273,18.34000015258789,17.920000076293945,17.93000030517578,317960,0.0,0.0
2024-03-01 09:30:00-05:00,18.389999389648438,19.229999542236328,18.170000076293945,19.219999313354492,250402,0.0,0.0
2024-03-01 10:30:00-05:00,19.223499298095703,19.359899520874023,18.90999984741211,19.209999084472656,304041,0.0,0.0
2024-03-01 11:30:00-05:00,19.170000076293945,19.274999618530273,18.729999542236328,18.780000686645508,173715,0.0,0.0
2024-03-01 12:30:00-05:00,18.780000686645508,19.09000015258789,18.775100708007812,19.065000534057617,100715,0.0,0.0
2024-03-01 13:30:00-05:00,19.079999923706055,19.389999389648438,19.059999465942383,19.089500427246094,533430,0.0,0.0
2024-03-01 14:30:00-05:00,19.09000015258789,19.1200008392334,18.0,18.735000610351562,185050,0.0,0.0
2024-03-01 15:30:00-05:00,18.735000610351562,19.064199447631836,18.670000076293945,19.05500030517578,294781,0.0,0.0
2024-03-04 09:30:00-05:00,19.690000534057617,20.729999542236328,19.690000534057617,20.399999618530273,632091,0.0,0.0
2024-03-04 10:30:00-05:00,20.280000686645508,20.46500015258789,20.0,20.25,83981,0.0,0.0
2024-03-04 11:30:00-05:00,20.21500015258789,20.610000610351562,20.1299991607666,20.200000762939453,432396,0.0,0.0
2024-03-04 12:30:00-05:00,20.224000930786133,20.489999771118164,20.100000381469727,20.149999618530273,149967,0.0,0.0
2024-03-04 13:30:00-05:00,20.135000228881836,20.290000915527344,19.93000030517578,20.239999771118164,157648,0.0,0.0
2024-03-04 14:30:00-05:00,20.285999298095703,20.799999237060547,20.260000228881836,20.604999542236328,101729,0.0,0.0
2024-03-04 15:30:00-05:00,20.614999771118164,20.799999237060547,20.520000457763672,20.719999313354492,908587,0.0,0.0
2024-03-05 09:30:00-05:00,20.8799991607666,21.329999923706055,20.60409927368164,21.049999237060547,519220,0.0,0.0
2024-03-05 10:30:00-05:00,21.049999237060547,21.260000228881836,20.899999618530273,21.09000015258789,35075,0.0,0.0
2024-03-05 11:30:00-05:00,21.07939910888672,21.18000030517578,20.90999984741211,21.09000015258789,188686,0.0,0.0
2024-03-05 12:30:00-05:00,21.100000381469727,21.15999984741211,20.81999969482422,20.84000015258789,94407,0.0,0.0
2024-03-05 13:30:00-05:00,20.81999969482422,21.049999237060547,20.81999969482422,20.940000534057617,150291,0.0,0.0
2024-03-05 14:30:00-05:00,20.94499969482422,20.979999542236328,20.280000686645508,20.639999389648438,227245,0.0,0.0
2024-03-05 15:30:00-05:00,20.649999618530273,20.889999389648438,20.520000457763672,20.670000076293945,967651,0.0,0.0
2024-03-06 09:30:00-05:00,20.88290023803711,21.378700256347656,20.655000686645508,21.270000457763672,308863,0.0,0.0
2024-03-06 10:30:00-05:00,21.239999771118164,21.690000534057617,21.09000015258789,21.684999465942383,130271,0.0,0.0
2024-03-06 11:30:00-05:00,21.68000030517578,21.875,21.46500015258789,21.583900451660156,90979,0.0,0.0
2024-03-06 12:30:00-05:00,21.594999313354492,21.6299991607666,21.469999313354492,21.510000228881836,90257,0.0,0.0
2024-03-06 13:30:00-05:00,21.493499755859375,21.579999923706055,21.31999969482422,21.31999969482422,9685,0.0,0.0
