Datetime,Open,High,Low,Close,Volume,Dividends,Stock Splits
2023-03-06 13:30:00-05:00,27.280000686645508,27.299999237060547,27.239999771118164,27.28499984741211,0,0.0,0.0
2023-03-06 14:30:00-05:00,27.280000686645508,27.290000915527344,27.110000610351562,27.170000076293945,45849,0.0,0.0
2023-03-06 15:30:00-05:00,27.18000030517578,27.19499969482422,27.094999313354492,27.165000915527344,97009,0.0,0.0
2023-03-07 09:30:00-05:00,27.1299991607666,27.399999618530273,26.954999923706055,27.040000915527344,0,0.0,0.0
2023-03-07 10:30:00-05:00,27.040000915527344,27.06999969482422,26.90999984741211,26.940000534057617,31833,0.0,0.0
2023-03-07 11:30:00-05:00,26.940000534057617,27.01110076904297,26.93000030517578,26.93000030517578,36871,0.0,0.0
2023-03-07 12:30:00-05:00,26.93000030517578,26.959999084472656,26.899999618530273,26.934999465942383,29723,0.0,0.0
2023-03-07 13:30:00-05:00,26.950000762939453,27.030000686645508,26.90999984741211,26.989999771118164,32646,0.0,0.0
2023-03-07 14:30:00-05:00,26.989999771118164,27.049999237060547,26.96500015258789,27.010000228881836,35279,0.0,0.0
2023-03-07 15:30:00-05:00,27.020000457763672,27.06999969482422,26.979999542236328,27.0,54371,0.0,0.0
2023-03-08 09:30:00-05:00,27.049999237060547,27.049999237060547,26.760000228881836,26.760000228881836,0,0.0,0.0
2023-03-08 10:30:00-05:00,26.760000228881836,26.790000915527344,26.690000534057617,26.690000534057617,30794,0.0,0.0
2023-03-08 11:30:00-05:00,26.684999465942383,26.799999237060547,26.684999465942383,26.719999313354492,30755,0.0,0.0
2023-03-08 12:30:00-05:00,26.709999084472656,26.709999084472656,26.639999389648438,26.649999618530273,29355,0.0,0.0
2023-03-08 13:30:00-05:00,26.639999389648438,26.75,26.639999389648438,26.739999771118164,28862,0.0,0.0
2023-03-08 14:30:00-05:00,26.74650001525879,26.8799991607666,26.700000762939453,26.84000015258789,45692,0.0,0.0
2023-03-08 15:30:00-05:00,26.834999084472656,26.920000076293945,26.829999923706055,26.90999984741211,51970,0.0,0.0
2023-03-09 09:30:00-05:00,26.850000381469727,27.200000762939453,26.850000381469727,26.90999984741211,31270,0.0,0.0
2023-03-09 10:30:00-05:00,26.905000686645508,26.950000762939453,26.850000381469727,26.889999389648438,19479,0.0,0.0
2023-03-09 11:30:00-05:00,26.889999389648438,26.899999618530273,26.860000610351562,26.895000457763672,18180,0.0,0.0
2023-03-09 12:30:00-05:00,26.889999389648438,26.969999313354492,26.889999389648438,26.920000076293945,22367,0.0,0.0
2023-03-09 13:30:00-05:00,26.93000030517578,26.979999542236328,26.809999465942383,26.850000381469727,41748,0.0,0.0
2023-03-09 14:30:00-05:00,26.84000015258789,26.8705997467041,26.690000534057617,26.700000762939453,39306,0.0,0.0
2023-03-09 15:30:00-05:00,26.700000762939453,26.739999771118164,26.600000381469727,26.639999389648438,75346,0.0,0.0
2023-03-10 09:30:00-05:00,26.639999389648438,26.75,26.510000228881836,26.690000534057617,27227,0.0,0.0
2023-03-10 10:30:00-05:00,26.719999313354492,26.80500030517578,26.700000762939453,26.780000686645508,28089,0.0,0.0
2023-03-10 11:30:00-05:00,26.780000686645508,26.84000015258789,26.600000381469727,26.600000381469727,23090,0.0,0.0
2023-03-10 12:30:00-05:00,26.600000381469727,26.700000762939453,26.4950008392334,26.520000457763672,44727,0.0,0.0
2023-03-10 13:30:00-05:00,26.530000686645508,26.56999969482422,26.3799991607666,26.489999771118164,23838,0.0,0.0
2023-03-10 14:30:00-05:00,26.496999740600586,26.700000762939453,26.496999740600586,26.549999237060547,53457,0.0,0.0
2023-03-10 15:30:00-05:00,26.575000762939453,26.579999923706055,26.489999771118164,26.520000457763672,65232,0.0,0.0
2023-03-13 09:30:00-04:00,26.520000457763672,26.93000030517578,26.3799991607666,26.690000534057617,0,0.0,0.0
2023-03-13 10:30:00-04:00,26.690000534057617,26.8700008392334,26.6299991607666,26.834999084472656,35313,0.0,0.0
2023-03-13 11:30:00-04:00,26.84000015258789,26.96500015258789,26.700000762939453,26.729999542236328,28410,0.0,0.0
2023-03-13 12:30:00-04:00,26.719999313354492,26.719999313354492,26.5,26.670000076293945,31162,0.0,0.0
2023-03-13 13:30:00-04:00,26.65999984741211,26.690000534057617,26.459999084472656,26.469999313354492,36515,0.0,0.0
2023-03-13 14:30:00-04:00,26.479999542236328,26.540000915527344,26.31999969482422,26.34000015258789,77006,0.0,0.0
2023-03-13 15:30:00-04:00,26.350000381469727,26.399999618530273,26.270000457763672,26.280000686645508,118700,0.0,0.0
2023-03-14 09:30:00-04:00,26.34000015258789,27.0049991607666,26.1200008392334,26.239999771118164,46196,0.0,0.0
2023-03-14 10:30:00-04:00,26.239999771118164,26.549999237060547,26.209999084472656,26.479999542236328,57169,0.0,0.0
2023-03-14 11:30:00-04:00,26.479999542236328,26.479999542236328,26.34000015258789,26.399999618530273,24149,0.0,0.0
2023-03-14 12:30:00-04:00,26.389999389648438,26.450000762939453,26.290000915527344,26.290000915527344,30699,0.0,0.0
2023-03-14 13:30:00-04:00,26.270000457763672,26.289899826049805,26.110000610351562,26.287500381469727,33295,0.0,0.0
2023-03-14 14:30:00-04:00,26.280000686645508,26.290000915527344,26.0,26.084999084472656,81195,0.0,0.0
2023-03-14 15:30:00-04:00,26.084999084472656,26.31999969482422,26.075000762939453,26.280000686645508,192763,0.0,0.0
2023-03-15 09:30:00-04:00,26.149999618530273,26.469999313354492,26.149999618530273,26.43000030517578,26999,0.0,0.0
2023-03-15 10:30:00-04:00,26.43000030517578,26.649999618530273,26.420000076293945,26.56999969482422,35515,0.0,0.0
2023-03-15 11:30:00-04:00,26.559999465942383,26.6200008392334,26.479999542236328,26.5,23059,0.0,0.0
2023-03-15 12:30:00-04:00,26.520000457763672,26.56999969482422,26.440000534057617,26.56999969482422,23516,0.0,0.0
2023-03-15 13:30:00-04:00,26.56999969482422,26.739999771118164,26.530000686645508,26.700000762939453,27877,0.0,0.0
2023-03-15 14:30:00-04:00,26.700000762939453,26.860000610351562,26.639999389648438,26.829999923706055,83638,0.0,0.0
2023-03-15 15:30:00-04:00,26.829999923706055,26.899999618530273,26.770000457763672,26.899999618530273,64743,0.0,0.0
2023-03-16 09:30:00-04:00,26.709999084472656,26.899999618530273,26.610000610351562,26.799999237060547,34064,0.0,0.0
2023-03-16 10:30:00-04:00,26.80500030517578,26.829999923706055,26.729999542236328,26.809999465942383,28875,0.0,0.0
2023-03-16 11:30:00-04:00,26.799999237060547,26.809999465942383,26.719999313354492,26.790000915527344,27350,0.0,0.0
2023-03-16 12:30:00-04:00,26.78499984741211,26.809999465942383,26.729999542236328,26.764999389648438,45295,0.0,0.0
2023-03-16 13:30:00-04:00,26.764999389648438,26.8799991607666,26.739999771118164,26.81999969482422,101320,0.0,0.0
2023-03-16 14:30:00-04:00,26.81999969482422,26.889999389648438,26.790000915527344,26.889999389648438,35375,0.0,0.0
2023-03-16 15:30:00-04:00,26.895000457763672,26.899999618530273,26.84000015258789,26.8799991607666,59545,0.0,0.0
2023-03-17 09:30:00-04:00,26.739999771118164,26.8799991607666,26.649999618530273,26.780000686645508,52850,0.0,0.0
2023-03-17 10:30:00-04:00,26.790000915527344,26.860000610351562,26.71500015258789,26.809999465942383,26519,0.0,0.0
2023-03-17 11:30:00-04:00,26.81999969482422,26.850000381469727,26.75,26.780000686645508,32438,0.0,0.0
2023-03-17 12:30:00-04:00,26.780000686645508,26.809999465942383,26.670000076293945,26.7450008392334,66575,0.0,0.0
2023-03-17 13:30:00-04:00,26.75,26.760000228881836,26.5049991607666,26.514999389648438,34472,0.0,0.0
2023-03-17 14:30:00-04:00,26.520000457763672,26.614999771118164,26.510000228881836,26.604999542236328,57796,0.0,0.0
2023-03-17 15:30:00-04:00,26.600000381469727,26.704999923706055,26.530000686645508,26.6299991607666,133015,0.0,0.0
2023-03-20 09:30:00-04:00,26.56999969482422,27.030000686645508,26.479999542236328,26.950000762939453,27863,0.0,0.0
2023-03-20 10:30:00-04:00,26.93000030517578,27.100000381469727,26.920000076293945,27.049999237060547,17494,0.0,0.0
2023-03-20 11:30:00-04:00,27.1200008392334,27.125,26.947399139404297,26.96500015258789,17857,0.0,0.0
2023-03-20 12:30:00-04:00,26.96500015258789,27.09000015258789,26.94499969482422,27.040000915527344,18338,0.0,0.0
2023-03-20 13:30:00-04:00,27.040000915527344,27.040000915527344,26.90999984741211,26.920000076293945,23792,0.0,0.0
2023-03-20 14:30:00-04:00,26.90999984741211,26.93000030517578,26.84000015258789,26.899999618530273,28806,0.0,0.0
2023-03-20 15:30:00-04:00,26.895000457763672,26.950000762939453,26.84000015258789,26.860000610351562,58417,0.0,0.0
2023-03-21 09:30:00-04:00,27.020000457763672,27.149999618530273,26.969999313354492,27.030000686645508,18061,0.0,0.0
2023-03-21 10:30:00-04:00,27.059999465942383,27.075000762939453,26.969999313354492,27.010000228881836,20308,0.0,0.0
2023-03-21 11:30:00-04:00,27.020000457763672,27.020000457763672,26.905000686645508,26.94529914855957,19233,0.0,0.0
2023-03-21 12:30:00-04:00,26.94499969482422,26.94499969482422,26.84000015258789,26.8700008392334,20573,0.0,0.0
2023-03-21 13:30:00-04:00,26.8700008392334,26.940000534057617,26.799999237060547,26.8799991607666,29076,0.0,0.0
2023-03-21 14:30:00-04:00,26.8700008392334,26.90999984741211,26.850000381469727,26.905000686645508,29711,0.0,0.0
2023-03-21 15:30:00-04:00,26.905000686645508,26.979999542236328,26.895000457763672,26.969999313354492,62662,0.0,0.0
2023-03-22 09:30:00-04:00,27.049999237060547,27.149999618530273,27.0,27.139999389648438,0,0.0,0.0
2023-03-22 10:30:00-04:00,27.15999984741211,27.15999984741211,27.03499984741211,27.09000015258789,14756,0.0,0.0
2023-03-22 11:30:00-04:00,27.079999923706055,27.25,27.079999923706055,27.15999984741211,27381,0.0,0.0
2023-03-22 12:30:00-04:00,27.15999984741211,27.190000534057617,27.100000381469727,27.13800048828125,19674,0.0,0.0
2023-03-22 13:30:00-04:00,27.139999389648438,27.149999618530273,27.010000228881836,27.010000228881836,35291,0.0,0.0
2023-03-22 14:30:00-04:00,27.0,27.15999984741211,26.8700008392334,27.030000686645508,54540,0.0,0.0
2023-03-22 15:30:00-04:00,27.030000686645508,27.030000686645508,26.729999542236328,26.729999542236328,65513,0.0,0.0
2023-03-23 09:30:00-04:00,26.700000762939453,26.850000381469727,26.65999984741211,26.829999923706055,16886,0.0,0.0
2023-03-23 10:30:00-04:00,26.829999923706055,26.954999923706055,26.809999465942383,26.84000015258789,11705,0.0,0.0
2023-03-23 11:30:00-04:00,26.850000381469727,26.979900360107422,26.850000381469727,26.979900360107422,12971,0.0,0.0
2023-03-23 12:30:00-04:00,26.975000381469727,26.975000381469727,26.809999465942383,26.81999969482422,17363,0.0,0.0
2023-03-23 13:30:00-04:00,26.829999923706055,26.854999542236328,26.760000228881836,26.760000228881836,21419,0.0,0.0
2023-03-23 14:30:00-04:00,26.75,26.790000915527344,26.579999923706055,26.600000381469727,47694,0.0,0.0
2023-03-23 15:30:00-04:00,26.59000015258789,26.770000457763672,26.59000015258789,26.690000534057617,38862,0.0,0.0
2023-03-24 09:30:00-04:00,26.780000686645508,27.040000915527344,26.780000686645508,27.030000686645508,31377,0.0,0.0
2023-03-24 10:30:00-04:00,27.0,27.020000457763672,26.8799991607666,26.93000030517578,20009,0.0,0.0
2023-03-24 11:30:00-04:00,26.93000030517578,27.09000015258789,26.90999984741211,26.969999313354492,20086,0.0,0.0
2023-03-24 12:30:00-04:00,26.979999542236328,27.09000015258789,26.975000381469727,27.058000564575195,23245,0.0,0.0
2023-03-24 13:30:00-04:00,27.059999465942383,27.059999465942383,26.989999771118164,27.05500030517578,26687,0.0,0.0
2023-03-24 14:30:00-04:00,27.05500030517578,27.200000762939453,27.049999237060547,27.139999389648438,41046,0.0,0.0
2023-03-24 15:30:00-04:00,27.139999389648438,27.229999542236328,27.100000381469727,27.219999313354492,56333,0.0,0.0
2023-03-27 09:30:00-04:00,27.299999237060547,27.440000534057617,27.277299880981445,27.3799991607666,18286,0.0,0.0
2023-03-27 10:30:00-04:00,27.3700008392334,27.43000030517578,27.350000381469727,27.43000030517578,12642,0.0,0.0
2023-03-27 11:30:00-04:00,27.43000030517578,27.440000534057617,27.3700008392334,27.38520050048828,14297,0.0,0.0
2023-03-27 12:30:00-04:00,27.399999618530273,27.43000030517578,27.3700008392334,27.420000076293945,18171,0.0,0.0
2023-03-27 13:30:00-04:00,27.440000534057617,27.450000762939453,27.350000381469727,27.399999618530273,16247,0.0,0.0
2023-03-27 14:30:00-04:00,27.399999618530273,27.450000762939453,27.3799991607666,27.450000762939453,20903,0.0,0.0
2023-03-27 15:30:00-04:00,27.450000762939453,27.469999313354492,27.40999984741211,27.440000534057617,35367,0.0,0.0
2023-03-28 09:30:00-04:00,27.489999771118164,27.780000686645508,27.420000076293945,27.450000762939453,0,0.0,0.0
2023-03-28 10:30:00-04:00,27.440000534057617,27.450000762939453,27.350000381469727,27.389999389648438,15479,0.0,0.0
2023-03-28 11:30:00-04:00,27.399999618530273,27.420000076293945,27.334999084472656,27.360000610351562,20778,0.0,0.0
2023-03-28 12:30:00-04:00,27.3700008392334,27.375,27.317699432373047,27.354999542236328,23069,0.0,0.0
2023-03-28 13:30:00-04:00,27.350000381469727,27.350000381469727,27.280000686645508,27.299999237060547,15672,0.0,0.0
2023-03-28 14:30:00-04:00,27.299999237060547,27.325000762939453,27.239999771118164,27.280000686645508,22612,0.0,0.0
2023-03-28 15:30:00-04:00,27.280000686645508,27.350000381469727,27.260000228881836,27.34000015258789,49689,0.0,0.0
2023-03-29 09:30:00-04:00,27.489999771118164,27.56999969482422,27.360000610351562,27.559999465942383,12397,0.0,0.0
2023-03-29 10:30:00-04:00,27.55500030517578,27.610000610351562,27.5,27.552000045776367,22709,0.0,0.0
2023-03-29 11:30:00-04:00,27.549999237060547,27.579999923706055,27.469999313354492,27.489999771118164,21049,0.0,0.0
2023-03-29 12:30:00-04:00,27.489999771118164,27.520000457763672,27.475000381469727,27.514999389648438,12989,0.0,0.0
2023-03-29 13:30:00-04:00,27.520000457763672,27.530000686645508,27.472000122070312,27.479999542236328,16489,0.0,0.0
2023-03-29 14:30:00-04:00,27.475000381469727,27.485000610351562,27.43000030517578,27.459999084472656,29526,0.0,0.0
2023-03-29 15:30:00-04:00,27.459999084472656,27.469999313354492,27.40999984741211,27.469999313354492,47346,0.0,0.0
2023-03-30 09:30:00-04:00,27.40999984741211,27.520000457763672,27.219999313354492,27.2450008392334,24502,0.0,0.0
2023-03-30 10:30:00-04:00,27.25,27.360000610351562,27.155000686645508,27.209999084472656,55642,0.0,0.0
2023-03-30 11:30:00-04:00,27.219999313354492,27.229999542236328,27.1200008392334,27.225000381469727,29146,0.0,0.0
2023-03-30 12:30:00-04:00,27.200000762939453,27.280000686645508,27.15999984741211,27.239999771118164,20357,0.0,0.0
2023-03-30 13:30:00-04:00,27.240999221801758,27.31999969482422,27.239999771118164,27.295000076293945,27235,0.0,0.0
2023-03-30 14:30:00-04:00,27.290000915527344,27.299999237060547,27.18000030517578,27.184999465942383,24984,0.0,0.0
2023-03-30 15:30:00-04:00,27.18000030517578,27.200000762939453,27.139999389648438,27.149999618530273,43011,0.0,0.0
2023-03-31 09:30:00-04:00,27.309999465942383,27.530000686645508,27.309999465942383,27.459999084472656,0,0.0,0.0
2023-03-31 10:30:00-04:00,27.43000030517578,27.56999969482422,27.415000915527344,27.479999542236328,71712,0.0,0.0
2023-03-31 11:30:00-04:00,27.459999084472656,27.469999313354492,27.43000030517578,27.440000534057617,26422,0.0,0.0
2023-03-31 12:30:00-04:00,27.440000534057617,27.46500015258789,27.391000747680664,27.434999465942383,32235,0.0,0.0
2023-03-31 13:30:00-04:00,27.43000030517578,27.477500915527344,27.389999389648438,27.389999389648438,41734,0.0,0.0
2023-03-31 14:30:00-04:00,27.399999618530273,27.424999237060547,27.3799991607666,27.40999984741211,37255,0.0,0.0
2023-03-31 15:30:00-04:00,27.43000030517578,27.5,27.34000015258789,27.489999771118164,92464,0.0,0.0
2023-04-03 09:30:00-04:00,27.579999923706055,27.75,27.459999084472656,27.75,35459,0.0,0.0
2023-04-03 10:30:00-04:00,27.764999389648438,27.780000686645508,27.59000015258789,27.6299991607666,37203,0.0,0.0
2023-04-03 11:30:00-04:00,27.635000228881836,27.809999465942383,27.6299991607666,27.809999465942383,32704,0.0,0.0
2023-04-03 12:30:00-04:00,27.81999969482422,27.860000610351562,27.770000457763672,27.80500030517578,38513,0.0,0.0
2023-04-03 13:30:00-04:00,27.809999465942383,27.809999465942383,27.709999084472656,27.709999084472656,40945,0.0,0.0
2023-04-03 14:30:00-04:00,27.690000534057617,27.790000915527344,27.690000534057617,27.760000228881836,43340,0.0,0.0
2023-04-03 15:30:00-04:00,27.75,27.78499984741211,27.700000762939453,27.739999771118164,81371,0.0,0.0
2023-04-04 09:30:00-04:00,27.81999969482422,27.975000381469727,27.700000762939453,27.875,27701,0.0,0.0
2023-04-04 10:30:00-04:00,27.829999923706055,27.90999984741211,27.729999542236328,27.729999542236328,39191,0.0,0.0
2023-04-04 11:30:00-04:00,27.729999542236328,27.770000457763672,27.670000076293945,27.709999084472656,29085,0.0,0.0
2023-04-04 12:30:00-04:00,27.719999313354492,27.729999542236328,27.549999237060547,27.559999465942383,30225,0.0,0.0
2023-04-04 13:30:00-04:00,27.549999237060547,27.549999237060547,27.36009979248047,27.395000457763672,37823,0.0,0.0
2023-04-04 14:30:00-04:00,27.389999389648438,27.389999389648438,27.24799919128418,27.24799919128418,54220,0.0,0.0
2023-04-04 15:30:00-04:00,27.25,27.329999923706055,27.239999771118164,27.329999923706055,96604,0.0,0.0
2023-04-05 09:30:00-04:00,27.329999923706055,27.639999389648438,27.329999923706055,27.559999465942383,25071,0.0,0.0
2023-04-05 10:30:00-04:00,27.559999465942383,27.610000610351562,27.530000686645508,27.530000686645508,22637,0.0,0.0
2023-04-05 11:30:00-04:00,27.520000457763672,27.559999465942383,27.4468994140625,27.489999771118164,19392,0.0,0.0
2023-04-05 12:30:00-04:00,27.489999771118164,27.510000228881836,27.450000762939453,27.479999542236328,18371,0.0,0.0
2023-04-05 13:30:00-04:00,27.489999771118164,27.540000915527344,27.459999084472656,27.540000915527344,24667,0.0,0.0
2023-04-05 14:30:00-04:00,27.540000915527344,27.549999237060547,27.469999313354492,27.4950008392334,34023,0.0,0.0
2023-04-05 15:30:00-04:00,27.489999771118164,27.575000762939453,27.440000534057617,27.510000228881836,54149,0.0,0.0
2023-04-06 09:30:00-04:00,27.41010093688965,27.739999771118164,27.41010093688965,27.5,14267,0.0,0.0
2023-04-06 10:30:00-04:00,27.5,27.600000381469727,27.5,27.579999923706055,17098,0.0,0.0
2023-04-06 11:30:00-04:00,27.59000015258789,27.6299991607666,27.559999465942383,27.6200008392334,11834,0.0,0.0
2023-04-06 12:30:00-04:00,27.610000610351562,27.69499969482422,27.579999923706055,27.649999618530273,15326,0.0,0.0
2023-04-06 13:30:00-04:00,27.639999389648438,27.645000457763672,27.530000686645508,27.530000686645508,11508,0.0,0.0
2023-04-06 14:30:00-04:00,27.530000686645508,27.594999313354492,27.530000686645508,27.549999237060547,29214,0.0,0.0
2023-04-06 15:30:00-04:00,27.549999237060547,27.6299991607666,27.520000457763672,27.6200008392334,42383,0.0,0.0
2023-04-10 09:30:00-04:00,27.59000015258789,27.59000015258789,27.385000228881836,27.399999618530273,0,0.0,0.0
2023-04-10 10:30:00-04:00,27.40999984741211,27.430599212646484,27.30270004272461,27.364999771118164,12767,0.0,0.0
2023-04-10 11:30:00-04:00,27.375,27.437000274658203,27.360000610351562,27.385000228881836,9331,0.0,0.0
2023-04-10 12:30:00-04:00,27.399999618530273,27.469999313354492,27.399999618530273,27.459999084472656,11195,0.0,0.0
2023-04-10 13:30:00-04:00,27.440000534057617,27.5,27.440000534057617,27.46500015258789,7939,0.0,0.0
2023-04-10 14:30:00-04:00,27.469999313354492,27.514999389648438,27.459999084472656,27.469999313354492,8343,0.0,0.0
2023-04-10 15:30:00-04:00,27.479999542236328,27.510000228881836,27.440000534057617,27.469999313354492,34844,0.0,0.0
2023-04-11 09:30:00-04:00,27.459999084472656,27.649999618530273,27.459999084472656,27.549999237060547,10024,0.0,0.0
2023-04-11 10:30:00-04:00,27.545000076293945,27.610000610351562,27.510000228881836,27.610000610351562,14911,0.0,0.0
2023-04-11 11:30:00-04:00,27.600000381469727,27.65999984741211,27.579999923706055,27.65999984741211,13068,0.0,0.0
2023-04-11 12:30:00-04:00,27.68000030517578,27.729999542236328,27.68000030517578,27.700000762939453,11065,0.0,0.0
2023-04-11 13:30:00-04:00,27.700000762939453,27.729999542236328,27.670000076293945,27.68000030517578,12974,0.0,0.0
2023-04-11 14:30:00-04:00,27.68000030517578,27.709999084472656,27.610000610351562,27.65999984741211,20150,0.0,0.0
2023-04-11 15:30:00-04:00,27.65999984741211,27.65999984741211,27.559999465942383,27.604999542236328,32105,0.0,0.0
2023-04-12 09:30:00-04:00,27.56999969482422,27.600000381469727,27.415000915527344,27.514999389648438,28039,0.0,0.0
2023-04-12 10:30:00-04:00,27.5049991607666,27.5049991607666,27.325000762939453,27.325000762939453,20976,0.0,0.0
2023-04-12 11:30:00-04:00,27.34000015258789,27.364999771118164,27.280000686645508,27.299999237060547,17207,0.0,0.0
2023-04-12 12:30:00-04:00,27.280000686645508,27.299999237060547,27.264999389648438,27.299999237060547,17341,0.0,0.0
2023-04-12 13:30:00-04:00,27.31999969482422,27.489999771118164,27.31999969482422,27.420000076293945,16513,0.0,0.0
2023-04-12 14:30:00-04:00,27.360000610351562,27.360000610351562,27.25,27.25,17534,0.0,0.0
2023-04-12 15:30:00-04:00,27.260000228881836,27.34000015258789,27.25,27.34000015258789,42522,0.0,0.0
2023-04-13 09:30:00-04:00,27.34000015258789,27.34000015258789,27.170000076293945,27.299999237060547,11236,0.0,0.0
2023-04-13 10:30:00-04:00,27.299999237060547,27.299999237060547,27.239999771118164,27.280000686645508,15387,0.0,0.0
2023-04-13 11:30:00-04:00,27.290000915527344,27.290000915527344,27.25,27.270000457763672,11388,0.0,0.0
2023-04-13 12:30:00-04:00,27.280000686645508,27.309999465942383,27.251800537109375,27.290000915527344,10287,0.0,0.0
2023-04-13 13:30:00-04:00,27.290000915527344,27.34000015258789,27.290000915527344,27.299999237060547,13932,0.0,0.0
2023-04-13 14:30:00-04:00,27.309999465942383,27.40999984741211,27.309999465942383,27.360000610351562,14608,0.0,0.0
2023-04-13 15:30:00-04:00,27.3700008392334,27.375,27.299999237060547,27.31999969482422,41289,0.0,0.0
2023-04-14 09:30:00-04:00,27.229999542236328,27.420000076293945,27.219999313354492,27.239999771118164,18206,0.0,0.0
2023-04-14 10:30:00-04:00,27.219999313354492,27.260000228881836,27.135000228881836,27.139999389648438,16011,0.0,0.0
2023-04-14 11:30:00-04:00,27.170000076293945,27.2450008392334,27.170000076293945,27.238300323486328,12874,0.0,0.0
2023-04-14 12:30:00-04:00,27.229999542236328,27.360000610351562,27.219999313354492,27.280000686645508,29696,0.0,0.0
2023-04-14 13:30:00-04:00,27.270000457763672,27.309999465942383,27.229999542236328,27.264999389648438,17432,0.0,0.0
2023-04-14 14:30:00-04:00,27.260000228881836,27.260000228881836,27.135000228881836,27.170000076293945,21762,0.0,0.0
2023-04-14 15:30:00-04:00,27.18000030517578,27.309999465942383,27.16200065612793,27.299999237060547,57207,0.0,0.0
2023-04-17 09:30:00-04:00,27.31999969482422,27.469999313354492,27.290000915527344,27.469999313354492,14989,0.0,0.0
2023-04-17 10:30:00-04:00,27.479999542236328,27.479999542236328,27.34000015258789,27.440000534057617,20104,0.0,0.0
2023-04-17 11:30:00-04:00,27.440000534057617,27.5,27.40999984741211,27.450000762939453,18401,0.0,0.0
2023-04-17 12:30:00-04:00,27.459999084472656,27.489999771118164,27.427499771118164,27.475000381469727,17729,0.0,0.0
2023-04-17 13:30:00-04:00,27.479999542236328,27.489999771118164,27.389999389648438,27.440000534057617,18788,0.0,0.0
2023-04-17 14:30:00-04:00,27.42930030822754,27.537500381469727,27.420000076293945,27.510000228881836,31351,0.0,0.0
2023-04-17 15:30:00-04:00,27.510000228881836,27.510000228881836,27.399999618530273,27.399999618530273,38089,0.0,0.0
2023-04-18 09:30:00-04:00,27.350000381469727,27.440000534057617,27.290000915527344,27.309999465942383,10681,0.0,0.0
2023-04-18 10:30:00-04:00,27.31999969482422,27.31999969482422,27.15999984741211,27.185400009155273,9879,0.0,0.0
2023-04-18 11:30:00-04:00,27.190000534057617,27.190000534057617,27.100000381469727,27.139999389648438,16324,0.0,0.0
2023-04-18 12:30:00-04:00,27.149999618530273,27.225000381469727,27.149999618530273,27.18000030517578,8710,0.0,0.0
2023-04-18 13:30:00-04:00,27.170000076293945,27.34000015258789,27.170000076293945,27.280000686645508,24098,0.0,0.0
2023-04-18 14:30:00-04:00,27.270000457763672,27.329999923706055,27.239999771118164,27.260000228881836,15849,0.0,0.0
2023-04-18 15:30:00-04:00,27.25,27.270000457763672,27.229999542236328,27.239999771118164,27262,0.0,0.0
2023-04-19 09:30:00-04:00,27.270000457763672,27.360000610351562,27.040000915527344,27.149999618530273,43338,0.0,0.0
2023-04-19 10:30:00-04:00,27.149999618530273,27.170000076293945,27.079999923706055,27.1200008392334,25443,0.0,0.0
2023-04-19 11:30:00-04:00,27.114999771118164,27.170000076293945,27.100000381469727,27.1299991607666,11273,0.0,0.0
2023-04-19 12:30:00-04:00,27.1299991607666,27.15999984741211,27.09000015258789,27.1200008392334,9944,0.0,0.0
2023-04-19 13:30:00-04:00,27.1200008392334,27.219999313354492,27.110000610351562,27.139999389648438,49268,0.0,0.0
2023-04-19 14:30:00-04:00,27.149999618530273,27.190000534057617,27.1299991607666,27.190000534057617,17942,0.0,0.0
2023-04-19 15:30:00-04:00,27.18000030517578,27.190000534057617,27.1299991607666,27.170000076293945,33670,0.0,0.0
2023-04-20 09:30:00-04:00,27.18000030517578,27.299999237060547,27.170000076293945,27.295000076293945,14809,0.0,0.0
2023-04-20 10:30:00-04:00,27.29129981994629,27.405000686645508,27.290000915527344,27.405000686645508,7286,0.0,0.0
2023-04-20 11:30:00-04:00,27.3799991607666,27.489999771118164,27.3799991607666,27.459999084472656,34220,0.0,0.0
2023-04-20 12:30:00-04:00,27.475000381469727,27.51689910888672,27.475000381469727,27.51689910888672,9282,0.0,0.0
2023-04-20 13:30:00-04:00,27.520000457763672,27.53499984741211,27.489999771118164,27.510000228881836,10302,0.0,0.0
2023-04-20 14:30:00-04:00,27.520000457763672,27.540000915527344,27.459999084472656,27.46500015258789,21025,0.0,0.0
2023-04-20 15:30:00-04:00,27.475000381469727,27.559999465942383,27.454999923706055,27.549999237060547,28800,0.0,0.0
2023-04-21 09:30:00-04:00,27.690000534057617,28.040000915527344,27.649999618530273,27.670000076293945,30838,0.0,0.0
2023-04-21 10:30:00-04:00,27.65999984741211,27.68000030517578,27.510000228881836,27.600000381469727,19059,0.0,0.0
2023-04-21 11:30:00-04:00,27.579999923706055,27.579999923706055,27.457799911499023,27.479999542236328,49297,0.0,0.0
2023-04-21 12:30:00-04:00,27.469999313354492,27.5,27.420000076293945,27.5,9888,0.0,0.0
2023-04-21 13:30:00-04:00,27.479999542236328,27.5,27.44499969482422,27.479999542236328,23935,0.0,0.0
2023-04-21 14:30:00-04:00,27.469999313354492,27.479999542236328,27.440000534057617,27.469999313354492,13917,0.0,0.0
2023-04-21 15:30:00-04:00,27.46500015258789,27.5,27.440000534057617,27.469999313354492,36993,0.0,0.0
2023-04-24 09:30:00-04:00,27.40999984741211,27.579999923706055,27.381900787353516,27.579999923706055,11710,0.0,0.0
2023-04-24 10:30:00-04:00,27.565000534057617,27.600000381469727,27.549999237060547,27.56999969482422,6268,0.0,0.0
2023-04-24 11:30:00-04:00,27.56999969482422,27.56999969482422,27.459999084472656,27.503799438476562,7780,0.0,0.0
2023-04-24 12:30:00-04:00,27.530000686645508,27.59000015258789,27.520000457763672,27.545000076293945,8729,0.0,0.0
2023-04-24 13:30:00-04:00,27.559999465942383,27.600000381469727,27.549999237060547,27.559999465942383,11505,0.0,0.0
2023-04-24 14:30:00-04:00,27.559999465942383,27.65999984741211,27.559999465942383,27.611000061035156,26150,0.0,0.0
2023-04-24 15:30:00-04:00,27.625,27.760000228881836,27.6200008392334,27.760000228881836,40738,0.0,0.0
2023-04-25 09:30:00-04:00,27.649999618530273,27.825000762939453,27.645000457763672,27.774999618530273,11681,0.0,0.0
2023-04-25 10:30:00-04:00,27.75,27.889999389648438,27.729999542236328,27.8700008392334,14485,0.0,0.0
2023-04-25 11:30:00-04:00,27.875,27.899999618530273,27.860000610351562,27.889999389648438,12096,0.0,0.0
2023-04-25 12:30:00-04:00,27.889999389648438,27.889999389648438,27.84000015258789,27.844999313354492,21903,0.0,0.0
2023-04-25 13:30:00-04:00,27.844999313354492,27.854999542236328,27.780000686645508,27.799999237060547,41417,0.0,0.0
2023-04-25 14:30:00-04:00,27.799999237060547,27.81999969482422,27.719999313354492,27.780000686645508,98404,0.0,0.0
2023-04-25 15:30:00-04:00,27.780000686645508,27.78499984741211,27.670000076293945,27.700000762939453,58451,0.0,0.0
2023-04-26 09:30:00-04:00,27.510000228881836,27.68000030517578,27.489999771118164,27.5,23956,0.0,0.0
2023-04-26 10:30:00-04:00,27.510000228881836,27.559999465942383,27.479999542236328,27.489999771118164,16518,0.0,0.0
2023-04-26 11:30:00-04:00,27.489999771118164,27.5,27.31999969482422,27.329999923706055,29253,0.0,0.0
2023-04-26 12:30:00-04:00,27.329999923706055,27.40999984741211,27.31999969482422,27.395000457763672,26475,0.0,0.0
2023-04-26 13:30:00-04:00,27.40999984741211,27.530000686645508,27.40999984741211,27.520000457763672,22093,0.0,0.0
2023-04-26 14:30:00-04:00,27.524999618530273,27.6299991607666,27.485000610351562,27.524999618530273,46615,0.0,0.0
2023-04-26 15:30:00-04:00,27.524999618530273,27.540000915527344,27.469999313354492,27.489999771118164,52968,0.0,0.0
2023-04-27 09:30:00-04:00,27.450000762939453,27.60610008239746,27.235000610351562,27.59000015258789,29232,0.0,0.0
2023-04-27 10:30:00-04:00,27.610000610351562,27.65999984741211,27.510000228881836,27.639999389648438,20849,0.0,0.0
2023-04-27 11:30:00-04:00,27.649999618530273,27.75,27.621999740600586,27.739999771118164,21658,0.0,0.0
2023-04-27 12:30:00-04:00,27.75,27.809999465942383,27.672800064086914,27.725000381469727,40189,0.0,0.0
2023-04-27 13:30:00-04:00,27.75,27.93000030517578,27.75,27.93000030517578,49437,0.0,0.0
2023-04-27 14:30:00-04:00,27.93000030517578,27.979999542236328,27.899999618530273,27.924999237060547,38112,0.0,0.0
2023-04-27 15:30:00-04:00,27.924999237060547,27.979999542236328,27.8700008392334,27.96500015258789,46891,0.0,0.0
2023-04-28 09:30:00-04:00,27.969999313354492,28.049999237060547,27.78499984741211,27.979999542236328,68450,0.0,0.0
2023-04-28 10:30:00-04:00,28.0,28.329999923706055,27.985000610351562,28.197999954223633,64394,0.0,0.0
2023-04-28 11:30:00-04:00,28.200000762939453,28.200000762939453,28.125,28.200000762939453,17600,0.0,0.0
2023-04-28 12:30:00-04:00,28.209999084472656,28.270000457763672,28.200000762939453,28.25,22115,0.0,0.0
2023-04-28 13:30:00-04:00,28.25,28.280000686645508,28.05500030517578,28.06999969482422,39351,0.0,0.0
2023-04-28 14:30:00-04:00,28.06999969482422,28.079999923706055,28.020000457763672,28.049999237060547,32356,0.0,0.0
2023-04-28 15:30:00-04:00,28.045000076293945,28.049999237060547,27.979999542236328,28.020000457763672,101547,0.0,0.0
2023-05-01 09:30:00-04:00,27.8700008392334,28.239999771118164,27.8700008392334,28.170000076293945,19029,0.0,0.0
2023-05-01 10:30:00-04:00,28.170000076293945,28.239999771118164,28.139999389648438,28.190000534057617,17658,0.0,0.0
2023-05-01 11:30:00-04:00,28.200000762939453,28.299999237060547,28.200000762939453,28.270000457763672,24020,0.0,0.0
2023-05-01 12:30:00-04:00,28.270000457763672,28.350000381469727,28.239999771118164,28.350000381469727,26314,0.0,0.0
2023-05-01 13:30:00-04:00,28.34000015258789,28.399999618530273,28.309999465942383,28.385000228881836,16759,0.0,0.0
2023-05-01 14:30:00-04:00,28.389999389648438,28.399999618530273,28.309999465942383,28.334999084472656,50178,0.0,0.0
2023-05-01 15:30:00-04:00,28.334999084472656,28.34000015258789,28.219999313354492,28.290000915527344,77527,0.0,0.0
2023-05-02 09:30:00-04:00,28.190000534057617,28.190000534057617,27.989999771118164,28.040000915527344,44786,0.0,0.0
2023-05-02 10:30:00-04:00,28.05500030517578,28.05500030517578,27.71500015258789,27.729999542236328,62114,0.0,0.0
2023-05-02 11:30:00-04:00,27.729999542236328,27.770000457763672,27.639999389648438,27.760000228881836,17053,0.0,0.0
2023-05-02 12:30:00-04:00,27.75,27.764999389648438,27.709999084472656,27.760000228881836,18196,0.0,0.0
2023-05-02 13:30:00-04:00,27.760000228881836,27.760000228881836,27.649999618530273,27.670000076293945,23716,0.0,0.0
2023-05-02 14:30:00-04:00,27.670000076293945,27.78499984741211,27.65999984741211,27.760000228881836,31716,0.0,0.0
2023-05-02 15:30:00-04:00,27.7450008392334,27.8799991607666,27.729999542236328,27.84000015258789,73930,0.0,0.0
2023-05-03 09:30:00-04:00,27.899999618530273,28.170000076293945,27.8799991607666,28.125,34612,0.0,0.0
2023-05-03 10:30:00-04:00,28.139999389648438,28.184999465942383,27.979999542236328,28.139999389648438,21418,0.0,0.0
2023-05-03 11:30:00-04:00,28.139999389648438,28.299999237060547,28.1299991607666,28.290000915527344,22122,0.0,0.0
2023-05-03 12:30:00-04:00,28.299999237060547,28.34000015258789,28.270000457763672,28.309999465942383,17776,0.0,0.0
2023-05-03 13:30:00-04:00,28.360000610351562,28.559999465942383,28.28499984741211,28.520000457763672,79041,0.0,0.0
2023-05-03 14:30:00-04:00,28.510000228881836,28.729999542236328,28.405000686645508,28.405000686645508,130262,0.0,0.0
2023-05-03 15:30:00-04:00,28.399999618530273,28.43000030517578,28.209999084472656,28.219999313354492,70262,0.0,0.0
2023-05-04 09:30:00-04:00,28.170000076293945,28.19499969482422,27.579999923706055,27.6299991607666,36899,0.0,0.0
2023-05-04 10:30:00-04:00,27.645000457763672,27.700000762939453,27.5049991607666,27.510000228881836,62161,0.0,0.0
2023-05-04 11:30:00-04:00,27.514999389648438,27.600000381469727,27.43000030517578,27.600000381469727,32425,0.0,0.0
2023-05-04 12:30:00-04:00,27.6200008392334,27.709999084472656,27.56999969482422,27.579999923706055,48901,0.0,0.0
2023-05-04 13:30:00-04:00,27.579999923706055,27.579999923706055,27.360000610351562,27.360000610351562,56564,0.0,0.0
2023-05-04 14:30:00-04:00,27.350000381469727,27.360000610351562,27.170000076293945,27.190000534057617,135936,0.0,0.0
2023-05-04 15:30:00-04:00,27.19499969482422,27.399999618530273,27.18000030517578,27.31999969482422,209146,0.0,0.0
2023-05-05 09:30:00-04:00,27.350000381469727,27.889999389648438,27.350000381469727,27.6299991607666,31692,0.0,0.0
2023-05-05 10:30:00-04:00,27.625,27.68000030517578,27.575000762939453,27.6200008392334,34146,0.0,0.0
2023-05-05 11:30:00-04:00,27.6200008392334,27.65999984741211,27.469999313354492,27.6200008392334,47680,0.0,0.0
2023-05-05 12:30:00-04:00,27.6299991607666,27.860000610351562,27.579999923706055,27.6299991607666,131868,0.0,0.0
2023-05-05 13:30:00-04:00,27.6299991607666,27.850000381469727,27.545000076293945,27.59000015258789,132438,0.0,0.0
2023-05-05 14:30:00-04:00,27.600000381469727,27.672000885009766,27.40999984741211,27.40999984741211,74367,0.0,0.0
2023-05-05 15:30:00-04:00,27.399999618530273,27.5,27.34000015258789,27.3799991607666,142757,0.0,0.0
2023-05-08 09:30:00-04:00,27.389999389648438,27.760000228881836,27.290000915527344,27.399999618530273,24902,0.0,0.0
2023-05-08 10:30:00-04:00,27.434999465942383,27.5,27.40999984741211,27.420000076293945,21533,0.0,0.0
2023-05-08 11:30:00-04:00,27.389999389648438,27.389999389648438,27.225000381469727,27.290000915527344,20892,0.0,0.0
2023-05-08 12:30:00-04:00,27.299999237060547,27.299999237060547,27.229999542236328,27.25,17168,0.0,0.0
2023-05-08 13:30:00-04:00,27.260000228881836,27.40999984741211,27.260000228881836,27.399999618530273,33175,0.0,0.0
2023-05-08 14:30:00-04:00,27.389999389648438,27.464599609375,27.34000015258789,27.464599609375,36000,0.0,0.0
2023-05-08 15:30:00-04:00,27.459999084472656,27.485000610351562,27.350000381469727,27.360000610351562,63829,0.0,0.0
2023-05-09 09:30:00-04:00,27.360000610351562,27.3799991607666,26.90999984741211,26.920000076293945,45433,0.0,0.0
2023-05-09 10:30:00-04:00,26.920000076293945,27.174999237060547,26.860000610351562,27.1299991607666,66962,0.0,0.0
2023-05-09 11:30:00-04:00,27.1299991607666,27.149999618530273,26.959999084472656,27.06999969482422,46246,0.0,0.0
2023-05-09 12:30:00-04:00,27.064300537109375,27.139999389648438,26.969999313354492,27.1200008392334,64693,0.0,0.0
2023-05-09 13:30:00-04:00,27.1299991607666,27.229999542236328,27.100000381469727,27.219999313354492,35690,0.0,0.0
2023-05-09 14:30:00-04:00,27.229999542236328,27.264999389648438,27.200000762939453,27.2450008392334,48257,0.0,0.0
2023-05-09 15:30:00-04:00,27.2450008392334,27.3799991607666,27.239999771118164,27.3799991607666,147154,0.0,0.0
2023-05-10 09:30:00-04:00,28.1299991607666,29.139999389648438,28.1200008392334,28.8799991607666,82106,0.0,0.0
2023-05-10 10:30:00-04:00,28.850000381469727,28.850000381469727,28.40999984741211,28.530000686645508,67517,0.0,0.0
2023-05-10 11:30:00-04:00,28.565000534057617,28.565000534057617,28.09600067138672,28.1200008392334,48871,0.0,0.0
2023-05-10 12:30:00-04:00,28.1299991607666,28.31999969482422,28.059999465942383,28.260000228881836,55087,0.0,0.0
2023-05-10 13:30:00-04:00,28.25,28.520000457763672,28.25,28.4950008392334,36608,0.0,0.0
2023-05-10 14:30:00-04:00,28.510000228881836,28.770000457763672,28.3799991607666,28.719999313354492,65838,0.0,0.0
2023-05-10 15:30:00-04:00,28.725000381469727,28.850000381469727,28.709999084472656,28.850000381469727,99256,0.0,0.0
2023-05-11 09:30:00-04:00,29.030000686645508,29.3799991607666,28.969999313354492,29.15999984741211,66072,0.0,0.0
2023-05-11 10:30:00-04:00,29.18000030517578,29.190000534057617,28.979999542236328,29.030000686645508,30905,0.0,0.0
2023-05-11 11:30:00-04:00,29.049999237060547,29.049999237060547,28.8799991607666,28.90999984741211,26053,0.0,0.0
2023-05-11 12:30:00-04:00,28.8799991607666,28.940000534057617,28.799999237060547,28.81999969482422,18977,0.0,0.0
2023-05-11 13:30:00-04:00,28.829999923706055,28.950000762939453,28.829999923706055,28.90999984741211,33625,0.0,0.0
2023-05-11 14:30:00-04:00,28.90239906311035,29.049999237060547,28.84000015258789,28.940000534057617,42743,0.0,0.0
2023-05-11 15:30:00-04:00,28.94499969482422,29.059999465942383,28.940000534057617,29.049999237060547,77719,0.0,0.0
2023-05-12 09:30:00-04:00,29.010000228881836,29.139999389648438,28.799999237060547,28.854999542236328,18524,0.0,0.0
2023-05-12 10:30:00-04:00,28.84000015258789,28.84000015258789,28.65999984741211,28.670000076293945,28216,0.0,0.0
2023-05-12 11:30:00-04:00,28.68000030517578,28.729999542236328,28.59000015258789,28.59000015258789,28928,0.0,0.0
2023-05-12 12:30:00-04:00,28.594999313354492,28.6200008392334,28.510000228881836,28.575000762939453,29022,0.0,0.0
2023-05-12 13:30:00-04:00,28.56999969482422,28.68000030517578,28.549999237060547,28.68000030517578,26747,0.0,0.0
2023-05-12 14:30:00-04:00,28.68000030517578,28.764999389648438,28.5,28.549999237060547,105877,0.0,0.0
2023-05-12 15:30:00-04:00,28.549999237060547,28.729999542236328,28.530000686645508,28.719999313354492,76297,0.0,0.0
2023-05-15 09:30:00-04:00,28.729999542236328,29.110000610351562,28.5,28.648000717163086,22952,0.0,0.0
2023-05-15 10:30:00-04:00,28.649999618530273,28.65999984741211,28.3700008392334,28.3799991607666,19525,0.0,0.0
2023-05-15 11:30:00-04:00,28.3700008392334,28.405000686645508,28.299999237060547,28.350000381469727,24444,0.0,0.0
2023-05-15 12:30:00-04:00,28.354999542236328,28.3700008392334,28.2549991607666,28.260000228881836,39166,0.0,0.0
2023-05-15 13:30:00-04:00,28.219999313354492,28.295000076293945,28.174999237060547,28.18000030517578,30931,0.0,0.0
2023-05-15 14:30:00-04:00,28.190000534057617,28.329999923706055,28.18000030517578,28.299999237060547,42018,0.0,0.0
2023-05-15 15:30:00-04:00,28.299999237060547,28.360000610351562,28.260000228881836,28.290000915527344,56035,0.0,0.0
2023-05-16 09:30:00-04:00,27.989999771118164,28.010000228881836,27.75,27.905000686645508,39034,0.23,0.0
2023-05-16 10:30:00-04:00,27.93000030517578,27.93000030517578,27.78499984741211,27.829999923706055,30368,0.0,0.0
2023-05-16 11:30:00-04:00,27.84000015258789,27.920000076293945,27.81999969482422,27.920000076293945,23788,0.0,0.0
2023-05-16 12:30:00-04:00,27.93000030517578,27.969999313354492,27.899999618530273,27.920000076293945,19050,0.0,0.0
2023-05-16 13:30:00-04:00,27.950000762939453,27.950000762939453,27.799999237060547,27.803300857543945,26884,0.0,0.0
2023-05-16 14:30:00-04:00,27.799999237060547,27.90999984741211,27.799999237060547,27.885000228881836,36610,0.0,0.0
2023-05-16 15:30:00-04:00,27.889999389648438,28.0,27.8700008392334,27.8700008392334,101957,0.0,0.0
2023-05-17 09:30:00-04:00,27.889999389648438,27.889999389648438,27.69099998474121,27.850000381469727,14699,0.0,0.0
2023-05-17 10:30:00-04:00,27.840099334716797,27.90999984741211,27.80500030517578,27.84000015258789,19368,0.0,0.0
2023-05-17 11:30:00-04:00,27.8700008392334,27.8700008392334,27.7450008392334,27.763900756835938,14822,0.0,0.0
2023-05-17 12:30:00-04:00,27.770000457763672,27.96500015258789,27.770000457763672,27.950000762939453,24040,0.0,0.0
2023-05-17 13:30:00-04:00,27.93899917602539,28.010000228881836,27.920000076293945,27.959999084472656,40837,0.0,0.0
2023-05-17 14:30:00-04:00,27.959999084472656,28.0049991607666,27.940000534057617,27.950000762939453,33923,0.0,0.0
2023-05-17 15:30:00-04:00,27.959999084472656,28.059999465942383,27.957000732421875,28.020000457763672,66941,0.0,0.0
2023-05-18 09:30:00-04:00,27.959999084472656,28.100000381469727,27.809999465942383,28.084999084472656,0,0.0,0.0
2023-05-18 10:30:00-04:00,28.09000015258789,28.170000076293945,28.020000457763672,28.149999618530273,43689,0.0,0.0
2023-05-18 11:30:00-04:00,28.149999618530273,28.19499969482422,28.059999465942383,28.170000076293945,21372,0.0,0.0
2023-05-18 12:30:00-04:00,28.18000030517578,28.229999542236328,28.100000381469727,28.190000534057617,23577,0.0,0.0
2023-05-18 13:30:00-04:00,28.18000030517578,28.190000534057617,28.1299991607666,28.15999984741211,24553,0.0,0.0
2023-05-18 14:30:00-04:00,28.15999984741211,28.170000076293945,28.06999969482422,28.170000076293945,31173,0.0,0.0
2023-05-18 15:30:00-04:00,28.170000076293945,28.31999969482422,28.1299991607666,28.290000915527344,60744,0.0,0.0
2023-05-19 09:30:00-04:00,28.440000534057617,28.479999542236328,28.309999465942383,28.350000381469727,24435,0.0,0.0
2023-05-19 10:30:00-04:00,28.3700008392334,28.3799991607666,28.149999618530273,28.165000915527344,23013,0.0,0.0
2023-05-19 11:30:00-04:00,28.149999618530273,28.25,28.075000762939453,28.219999313354492,35990,0.0,0.0
2023-05-19 12:30:00-04:00,28.190000534057617,28.280000686645508,28.18000030517578,28.209999084472656,25405,0.0,0.0
2023-05-19 13:30:00-04:00,28.21500015258789,28.25,28.170000076293945,28.170000076293945,17297,0.0,0.0
2023-05-19 14:30:00-04:00,28.170000076293945,28.290000915527344,28.149999618530273,28.229999542236328,30606,0.0,0.0
2023-05-19 15:30:00-04:00,28.229999542236328,28.270000457763672,28.15999984741211,28.200000762939453,51140,0.0,0.0
2023-05-22 09:30:00-04:00,28.200000762939453,28.209999084472656,27.829999923706055,27.829999923706055,19876,0.0,0.0
2023-05-22 10:30:00-04:00,27.81999969482422,27.826200485229492,27.660999298095703,27.68000030517578,46795,0.0,0.0
2023-05-22 11:30:00-04:00,27.690000534057617,27.71500015258789,27.479999542236328,27.610000610351562,63492,0.0,0.0
2023-05-22 12:30:00-04:00,27.614999771118164,27.905000686645508,27.614999771118164,27.905000686645508,41857,0.0,0.0
2023-05-22 13:30:00-04:00,27.891000747680664,27.989999771118164,27.850000381469727,27.909700393676758,19267,0.0,0.0
2023-05-22 14:30:00-04:00,27.902000427246094,27.920000076293945,27.670000076293945,27.709999084472656,48910,0.0,0.0
2023-05-22 15:30:00-04:00,27.709999084472656,27.760000228881836,27.665000915527344,27.709999084472656,71495,0.0,0.0
2023-05-23 09:30:00-04:00,27.709999084472656,27.759000778198242,27.559999465942383,27.739999771118164,17152,0.0,0.0
2023-05-23 10:30:00-04:00,27.739999771118164,27.829999923706055,27.59000015258789,27.59000015258789,32250,0.0,0.0
2023-05-23 11:30:00-04:00,27.59000015258789,27.659900665283203,27.553699493408203,27.6299991607666,32745,0.0,0.0
2023-05-23 12:30:00-04:00,27.6299991607666,27.645000457763672,27.549999237060547,27.56999969482422,36333,0.0,0.0
2023-05-23 13:30:00-04:00,27.56999969482422,27.670000076293945,27.549999237060547,27.610000610351562,38226,0.0,0.0
2023-05-23 14:30:00-04:00,27.59000015258789,27.6200008392334,27.549999237060547,27.610000610351562,21412,0.0,0.0
2023-05-23 15:30:00-04:00,27.600000381469727,27.649999618530273,27.600000381469727,27.6200008392334,44480,0.0,0.0
2023-05-24 09:30:00-04:00,27.649999618530273,27.649999618530273,27.440000534057617,27.559999465942383,25647,0.0,0.0
2023-05-24 10:30:00-04:00,27.549999237060547,27.6200008392334,27.479999542236328,27.59000015258789,28558,0.0,0.0
2023-05-24 11:30:00-04:00,27.559999465942383,27.56999969482422,27.479999542236328,27.5,15703,0.0,0.0
2023-05-24 12:30:00-04:00,27.49799919128418,27.549999237060547,27.440000534057617,27.440000534057617,21100,0.0,0.0
2023-05-24 13:30:00-04:00,27.440000534057617,27.510000228881836,27.40999984741211,27.411500930786133,21182,0.0,0.0
2023-05-24 14:30:00-04:00,27.399999618530273,27.50079917907715,27.3700008392334,27.489999771118164,36244,0.0,0.0
2023-05-24 15:30:00-04:00,27.5,27.540000915527344,27.360000610351562,27.399999618530273,61597,0.0,0.0
2023-05-25 09:30:00-04:00,27.270000457763672,27.299999237060547,27.139999389648438,27.219999313354492,18125,0.0,0.0
2023-05-25 10:30:00-04:00,27.190000534057617,27.219999313354492,27.100000381469727,27.110000610351562,23132,0.0,0.0
2023-05-25 11:30:00-04:00,27.110000610351562,27.1299991607666,27.010000228881836,27.049999237060547,31751,0.0,0.0
2023-05-25 12:30:00-04:00,27.06999969482422,27.18000030517578,27.0049991607666,27.149999618530273,28526,0.0,0.0
2023-05-25 13:30:00-04:00,27.149999618530273,27.174999237060547,27.100000381469727,27.139999389648438,31432,0.0,0.0
2023-05-25 14:30:00-04:00,27.1299991607666,27.15999984741211,27.06999969482422,27.149999618530273,38763,0.0,0.0
2023-05-25 15:30:00-04:00,27.139999389648438,27.170000076293945,27.079999923706055,27.100000381469727,60111,0.0,0.0
2023-05-26 09:30:00-04:00,27.100000381469727,27.29050064086914,27.010000228881836,27.280000686645508,17549,0.0,0.0
2023-05-26 10:30:00-04:00,27.2450008392334,27.2450008392334,27.010000228881836,27.020000457763672,16979,0.0,0.0
2023-05-26 11:30:00-04:00,27.010000228881836,27.020000457763672,26.93000030517578,26.975000381469727,27678,0.0,0.0
2023-05-26 12:30:00-04:00,26.979999542236328,27.014999389648438,26.90999984741211,26.959999084472656,16418,0.0,0.0
2023-05-26 13:30:00-04:00,26.950000762939453,27.0,26.940000534057617,26.950000762939453,24398,0.0,0.0
2023-05-26 14:30:00-04:00,26.959999084472656,27.010000228881836,26.959999084472656,26.969999313354492,26408,0.0,0.0
2023-05-26 15:30:00-04:00,26.959999084472656,27.170000076293945,26.950000762939453,27.1200008392334,81367,0.0,0.0
2023-05-30 09:30:00-04:00,27.030000686645508,27.09000015258789,26.719999313354492,26.889999389648438,20896,0.0,0.0
2023-05-30 10:30:00-04:00,26.979000091552734,26.979999542236328,26.920000076293945,26.959999084472656,16732,0.0,0.0
2023-05-30 11:30:00-04:00,26.950000762939453,27.020000457763672,26.93000030517578,26.950000762939453,13756,0.0,0.0
2023-05-30 12:30:00-04:00,26.953500747680664,26.979999542236328,26.8700008392334,26.8700008392334,19291,0.0,0.0
2023-05-30 13:30:00-04:00,26.8799991607666,26.90999984741211,26.719999313354492,26.719999313354492,27480,0.0,0.0
2023-05-30 14:30:00-04:00,26.719999313354492,26.719999313354492,26.59000015258789,26.674999237060547,32537,0.0,0.0
2023-05-30 15:30:00-04:00,26.670000076293945,26.68000030517578,26.610000610351562,26.639999389648438,45236,0.0,0.0
2023-05-31 09:30:00-04:00,26.940000534057617,27.584999084472656,26.915000915527344,27.420000076293945,74139,0.0,0.0
2023-05-31 10:30:00-04:00,27.43000030517578,27.635000228881836,27.399999618530273,27.579999923706055,40990,0.0,0.0
2023-05-31 11:30:00-04:00,27.559999465942383,27.6299991607666,27.520000457763672,27.614999771118164,39727,0.0,0.0
2023-05-31 12:30:00-04:00,27.621700286865234,27.6299991607666,27.469999313354492,27.530000686645508,35204,0.0,0.0
2023-05-31 13:30:00-04:00,27.549999237060547,27.600000381469727,27.489999771118164,27.59749984741211,27992,0.0,0.0
2023-05-31 14:30:00-04:00,27.594999313354492,27.610000610351562,27.514999389648438,27.610000610351562,41338,0.0,0.0
2023-05-31 15:30:00-04:00,27.600000381469727,27.665000915527344,27.40999984741211,27.450000762939453,96044,0.0,0.0
2023-06-01 09:30:00-04:00,27.3799991607666,27.530000686645508,27.25,27.5,24851,0.0,0.0
2023-06-01 10:30:00-04:00,27.5,27.59000015258789,27.450000762939453,27.59000015258789,24749,0.0,0.0
2023-06-01 11:30:00-04:00,27.59000015258789,27.639999389648438,27.559999465942383,27.610000610351562,24846,0.0,0.0
2023-06-01 12:30:00-04:00,27.610000610351562,27.6200008392334,27.520000457763672,27.540000915527344,30506,0.0,0.0
2023-06-01 13:30:00-04:00,27.565000534057617,27.600000381469727,27.520000457763672,27.540000915527344,24001,0.0,0.0
2023-06-01 14:30:00-04:00,27.530000686645508,27.6299991607666,27.5,27.6299991607666,47132,0.0,0.0
2023-06-01 15:30:00-04:00,27.6200008392334,27.68000030517578,27.549999237060547,27.6299991607666,97950,0.0,0.0
2023-06-02 09:30:00-04:00,27.6200008392334,27.799999237060547,27.530000686645508,27.75,26999,0.0,0.0
2023-06-02 10:30:00-04:00,27.75,27.93000030517578,27.75,27.924999237060547,25062,0.0,0.0
2023-06-02 11:30:00-04:00,27.920000076293945,27.920000076293945,27.809999465942383,27.8799991607666,20962,0.0,0.0
2023-06-02 12:30:00-04:00,27.8799991607666,27.989999771118164,27.860000610351562,27.989999771118164,23299,0.0,0.0
2023-06-02 13:30:00-04:00,27.989999771118164,28.100000381469727,27.959999084472656,28.06999969482422,19202,0.0,0.0
2023-06-02 14:30:00-04:00,28.09000015258789,28.110000610351562,28.020000457763672,28.059999465942383,33409,0.0,0.0
2023-06-02 15:30:00-04:00,28.030000686645508,28.110000610351562,28.030000686645508,28.059999465942383,75448,0.0,0.0
2023-06-05 09:30:00-04:00,28.0,28.09000015258789,27.940000534057617,28.020000457763672,12387,0.0,0.0
2023-06-05 10:30:00-04:00,28.020000457763672,28.030000686645508,27.95199966430664,27.979999542236328,13845,0.0,0.0
2023-06-05 11:30:00-04:00,27.940000534057617,27.950000762939453,27.889999389648438,27.889999389648438,7841,0.0,0.0
2023-06-05 12:30:00-04:00,27.899999618530273,28.020299911499023,27.8799991607666,28.020000457763672,18055,0.0,0.0
2023-06-05 13:30:00-04:00,28.010000228881836,28.1299991607666,27.9950008392334,28.100000381469727,18943,0.0,0.0
2023-06-05 14:30:00-04:00,28.1200008392334,28.129899978637695,28.03499984741211,28.045000076293945,28559,0.0,0.0
2023-06-05 15:30:00-04:00,28.040000915527344,28.094999313354492,27.950000762939453,27.989999771118164,51952,0.0,0.0
2023-06-06 09:30:00-04:00,27.989999771118164,28.045000076293945,27.93000030517578,27.950000762939453,17515,0.0,0.0
2023-06-06 10:30:00-04:00,27.969999313354492,28.0,27.859899520874023,27.859899520874023,11657,0.0,0.0
2023-06-06 11:30:00-04:00,27.829999923706055,27.860000610351562,27.760000228881836,27.790000915527344,14858,0.0,0.0
2023-06-06 12:30:00-04:00,27.809999465942383,27.84000015258789,27.709999084472656,27.709999084472656,17503,0.0,0.0
2023-06-06 13:30:00-04:00,27.690000534057617,27.780000686645508,27.649999618530273,27.780000686645508,26380,0.0,0.0
2023-06-06 14:30:00-04:00,27.799999237060547,27.899999618530273,27.780000686645508,27.8700008392334,20484,0.0,0.0
2023-06-06 15:30:00-04:00,27.8700008392334,27.959999084472656,27.860000610351562,27.920000076293945,40426,0.0,0.0
2023-06-07 09:30:00-04:00,27.860000610351562,27.905000686645508,27.739999771118164,27.905000686645508,16139,0.0,0.0
2023-06-07 10:30:00-04:00,27.924999237060547,28.020000457763672,27.888599395751953,27.93000030517578,13020,0.0,0.0
2023-06-07 11:30:00-04:00,27.920000076293945,28.09000015258789,27.920000076293945,28.09000015258789,11438,0.0,0.0
2023-06-07 12:30:00-04:00,28.049999237060547,28.084999084472656,27.93000030517578,27.959999084472656,18715,0.0,0.0
2023-06-07 13:30:00-04:00,27.940000534057617,27.959999084472656,27.90999984741211,27.950000762939453,21177,0.0,0.0
2023-06-07 14:30:00-04:00,27.954999923706055,28.06999969482422,27.954999923706055,28.049999237060547,22363,0.0,0.0
2023-06-07 15:30:00-04:00,28.040000915527344,28.09000015258789,27.979999542236328,28.020000457763672,45594,0.0,0.0
2023-06-08 09:30:00-04:00,28.09000015258789,28.09000015258789,27.927499771118164,27.979999542236328,16049,0.0,0.0
2023-06-08 10:30:00-04:00,27.989999771118164,28.010000228881836,27.899999618530273,27.979999542236328,13939,0.0,0.0
2023-06-08 11:30:00-04:00,27.979999542236328,28.03499984741211,27.969999313354492,28.0049991607666,17916,0.0,0.0
2023-06-08 12:30:00-04:00,28.0049991607666,28.079999923706055,28.0049991607666,28.040000915527344,16431,0.0,0.0
2023-06-08 13:30:00-04:00,28.049999237060547,28.09000015258789,28.020000457763672,28.06999969482422,51515,0.0,0.0
2023-06-08 14:30:00-04:00,28.06999969482422,28.1299991607666,28.030000686645508,28.1299991607666,28041,0.0,0.0
2023-06-08 15:30:00-04:00,28.110000610351562,28.190000534057617,28.06999969482422,28.170000076293945,52608,0.0,0.0
2023-06-09 09:30:00-04:00,28.110000610351562,28.145000457763672,28.03499984741211,28.135000228881836,17653,0.0,0.0
2023-06-09 10:30:00-04:00,28.126699447631836,28.126699447631836,27.920000076293945,27.940000534057617,18128,0.0,0.0
2023-06-09 11:30:00-04:00,27.94499969482422,27.94499969482422,27.809999465942383,27.809999465942383,21442,0.0,0.0
2023-06-09 12:30:00-04:00,27.809999465942383,27.829999923706055,27.780000686645508,27.799999237060547,39320,0.0,0.0
2023-06-09 13:30:00-04:00,27.790000915527344,27.809999465942383,27.780000686645508,27.790000915527344,17456,0.0,0.0
2023-06-09 14:30:00-04:00,27.809999465942383,27.81999969482422,27.729999542236328,27.78499984741211,23189,0.0,0.0
2023-06-09 15:30:00-04:00,27.780000686645508,27.809999465942383,27.739999771118164,27.760000228881836,53615,0.0,0.0
2023-06-12 09:30:00-04:00,27.700000762939453,27.700000762939453,27.559999465942383,27.579999923706055,16858,0.0,0.0
2023-06-12 10:30:00-04:00,27.600000381469727,27.610000610351562,27.47089958190918,27.540000915527344,21258,0.0,0.0
2023-06-12 11:30:00-04:00,27.549999237060547,27.549999237060547,27.3700008392334,27.440000534057617,30978,0.0,0.0
2023-06-12 12:30:00-04:00,27.424999237060547,27.760000228881836,27.424999237060547,27.739999771118164,52713,0.0,0.0
2023-06-12 13:30:00-04:00,27.760000228881836,27.760000228881836,27.655000686645508,27.760000228881836,75398,0.0,0.0
2023-06-12 14:30:00-04:00,27.764999389648438,27.809999465942383,27.690000534057617,27.760000228881836,80664,0.0,0.0
2023-06-12 15:30:00-04:00,27.75,27.799999237060547,27.65999984741211,27.670000076293945,77523,0.0,0.0
2023-06-13 09:30:00-04:00,27.600000381469727,27.868900299072266,27.479999542236328,27.868900299072266,13556,0.0,0.0
2023-06-13 10:30:00-04:00,27.920000076293945,27.920000076293945,27.770000457763672,27.8700008392334,15378,0.0,0.0
2023-06-13 11:30:00-04:00,27.854999542236328,27.889999389648438,27.719999313354492,27.889999389648438,12331,0.0,0.0
2023-06-13 12:30:00-04:00,27.920000076293945,28.049999237060547,27.899999618530273,28.010099411010742,25545,0.0,0.0
2023-06-13 13:30:00-04:00,28.0,28.18000030517578,28.0,28.170000076293945,16464,0.0,0.0
2023-06-13 14:30:00-04:00,28.15999984741211,28.170000076293945,28.049999237060547,28.1200008392334,19793,0.0,0.0
2023-06-13 15:30:00-04:00,28.1200008392334,28.135000228881836,28.094999313354492,28.1200008392334,38022,0.0,0.0
2023-06-14 09:30:00-04:00,28.110000610351562,28.200000762939453,28.030000686645508,28.030000686645508,12930,0.0,0.0
2023-06-14 10:30:00-04:00,28.040000915527344,28.235000610351562,28.020000457763672,28.190000534057617,12858,0.0,0.0
2023-06-14 11:30:00-04:00,28.18000030517578,28.18000030517578,28.1299991607666,28.149700164794922,11016,0.0,0.0
2023-06-14 12:30:00-04:00,28.139999389648438,28.209999084472656,28.084999084472656,28.209999084472656,18452,0.0,0.0
2023-06-14 13:30:00-04:00,28.229000091552734,28.239999771118164,28.100000381469727,28.149999618530273,21917,0.0,0.0
2023-06-14 14:30:00-04:00,28.149999618530273,28.200000762939453,28.1200008392334,28.1299991607666,29681,0.0,0.0
2023-06-14 15:30:00-04:00,28.1299991607666,28.174999237060547,28.045000076293945,28.084999084472656,83903,0.0,0.0
2023-06-15 09:30:00-04:00,28.229999542236328,28.329999923706055,28.110000610351562,28.170000076293945,13244,0.0,0.0
2023-06-15 10:30:00-04:00,28.165000915527344,28.219999313354492,28.094999313354492,28.204999923706055,21109,0.0,0.0
2023-06-15 11:30:00-04:00,28.211700439453125,28.270000457763672,28.149999618530273,28.184999465942383,42248,0.0,0.0
2023-06-15 12:30:00-04:00,28.184999465942383,28.219999313354492,28.18000030517578,28.21500015258789,16708,0.0,0.0
2023-06-15 13:30:00-04:00,28.229999542236328,28.260000228881836,28.219999313354492,28.25,15925,0.0,0.0
2023-06-15 14:30:00-04:00,28.25,28.280000686645508,28.229999542236328,28.245899200439453,31428,0.0,0.0
2023-06-15 15:30:00-04:00,28.239999771118164,28.280000686645508,28.190000534057617,28.229999542236328,59867,0.0,0.0
2023-06-16 09:30:00-04:00,28.290000915527344,28.450000762939453,28.239999771118164,28.239999771118164,26843,0.0,0.0
2023-06-16 10:30:00-04:00,28.25,28.264999389648438,28.139999389648438,28.190000534057617,29768,0.0,0.0
2023-06-16 11:30:00-04:00,28.190000534057617,28.219999313354492,28.1200008392334,28.200000762939453,15877,0.0,0.0
2023-06-16 12:30:00-04:00,28.209999084472656,28.260000228881836,28.209999084472656,28.21500015258789,12875,0.0,0.0
2023-06-16 13:30:00-04:00,28.200000762939453,28.200000762939453,28.1200008392334,28.170000076293945,13994,0.0,0.0
2023-06-16 14:30:00-04:00,28.170000076293945,28.18000030517578,28.139999389648438,28.15999984741211,30210,0.0,0.0
2023-06-16 15:30:00-04:00,28.174999237060547,28.280000686645508,28.174999237060547,28.239999771118164,38904,0.0,0.0
2023-06-20 09:30:00-04:00,28.280000686645508,28.280000686645508,28.0,28.209999084472656,28010,0.0,0.0
2023-06-20 10:30:00-04:00,28.219999313354492,28.219999313354492,28.1200008392334,28.149999618530273,15274,0.0,0.0
2023-06-20 11:30:00-04:00,28.149999618530273,28.260000228881836,28.139999389648438,28.18000030517578,14293,0.0,0.0
2023-06-20 12:30:00-04:00,28.155000686645508,28.229999542236328,28.1299991607666,28.18000030517578,69245,0.0,0.0
2023-06-20 13:30:00-04:00,28.17099952697754,28.17099952697754,28.06999969482422,28.075000762939453,18770,0.0,0.0
2023-06-20 14:30:00-04:00,28.079999923706055,28.170000076293945,28.06999969482422,28.100000381469727,25962,0.0,0.0
2023-06-20 15:30:00-04:00,28.100000381469727,28.100000381469727,27.959999084472656,28.049999237060547,61066,0.0,0.0
2023-06-21 09:30:00-04:00,28.079999923706055,28.28499984741211,27.8799991607666,28.28499984741211,15913,0.0,0.0
2023-06-21 10:30:00-04:00,28.29199981689453,28.385000228881836,28.22760009765625,28.31999969482422,15956,0.0,0.0
2023-06-21 11:30:00-04:00,28.315000534057617,28.3700008392334,28.270000457763672,28.3700008392334,14873,0.0,0.0
2023-06-21 12:30:00-04:00,28.399999618530273,28.420000076293945,28.281999588012695,28.299999237060547,16391,0.0,0.0
2023-06-21 13:30:00-04:00,28.290000915527344,28.420000076293945,28.264999389648438,28.420000076293945,20307,0.0,0.0
2023-06-21 14:30:00-04:00,28.420000076293945,28.440000534057617,28.389999389648438,28.389999389648438,29549,0.0,0.0
2023-06-21 15:30:00-04:00,28.3799991607666,28.43000030517578,28.375,28.405000686645508,40939,0.0,0.0
2023-06-22 09:30:00-04:00,28.43000030517578,28.440000534057617,28.250999450683594,28.299999237060547,13568,0.0,0.0
2023-06-22 10:30:00-04:00,28.329999923706055,28.350000381469727,28.260000228881836,28.316499710083008,13030,0.0,0.0
2023-06-22 11:30:00-04:00,28.34000015258789,28.3700008392334,28.260000228881836,28.360000610351562,12296,0.0,0.0
2023-06-22 12:30:00-04:00,28.350000381469727,28.350000381469727,28.26099967956543,28.280000686645508,9295,0.0,0.0
2023-06-22 13:30:00-04:00,28.270000457763672,28.350000381469727,28.239999771118164,28.31999969482422,16087,0.0,0.0
2023-06-22 14:30:00-04:00,28.329999923706055,28.360000610351562,28.309999465942383,28.34000015258789,18294,0.0,0.0
2023-06-22 15:30:00-04:00,28.329999923706055,28.329999923706055,28.25,28.329999923706055,32313,0.0,0.0
2023-06-23 09:30:00-04:00,28.350000381469727,28.459999084472656,28.350000381469727,28.420000076293945,11093,0.0,0.0
2023-06-23 10:30:00-04:00,28.399999618530273,28.43000030517578,28.31999969482422,28.399999618530273,15449,0.0,0.0
2023-06-23 11:30:00-04:00,28.40999984741211,28.40999984741211,28.31999969482422,28.3799991607666,15965,0.0,0.0
2023-06-23 12:30:00-04:00,28.3700008392334,28.3700008392334,28.239999771118164,28.260000228881836,11088,0.0,0.0
2023-06-23 13:30:00-04:00,28.260000228881836,28.299999237060547,28.139999389648438,28.139999389648438,9611,0.0,0.0
2023-06-23 14:30:00-04:00,28.139999389648438,28.190000534057617,28.139999389648438,28.170000076293945,25597,0.0,0.0
2023-06-23 15:30:00-04:00,28.18000030517578,28.290000915527344,28.139999389648438,28.139999389648438,57128,0.0,0.0
2023-06-26 09:30:00-04:00,28.110000610351562,28.1299991607666,27.829999923706055,27.954999923706055,13625,0.0,0.0
2023-06-26 10:30:00-04:00,27.979999542236328,28.06999969482422,27.920000076293945,28.069000244140625,11968,0.0,0.0
2023-06-26 11:30:00-04:00,28.040000915527344,28.15999984741211,28.030000686645508,28.15999984741211,15097,0.0,0.0
2023-06-26 12:30:00-04:00,28.149999618530273,28.15999984741211,28.093000411987305,28.093000411987305,12735,0.0,0.0
2023-06-26 13:30:00-04:00,28.110000610351562,28.149999618530273,28.07360076904297,28.100000381469727,14612,0.0,0.0
2023-06-26 14:30:00-04:00,28.09000015258789,28.1299991607666,28.079999923706055,28.110000610351562,14242,0.0,0.0
2023-06-26 15:30:00-04:00,28.1200008392334,28.190000534057617,28.100000381469727,28.110000610351562,28507,0.0,0.0
2023-06-27 09:30:00-04:00,28.040000915527344,28.170000076293945,28.030000686645508,28.09000015258789,13411,0.0,0.0
2023-06-27 10:30:00-04:00,28.1299991607666,28.208999633789062,28.110000610351562,28.139999389648438,20746,0.0,0.0
2023-06-27 11:30:00-04:00,28.139999389648438,28.219999313354492,28.139999389648438,28.200000762939453,16538,0.0,0.0
2023-06-27 12:30:00-04:00,28.209999084472656,28.270000457763672,28.18000030517578,28.270000457763672,14501,0.0,0.0
2023-06-27 13:30:00-04:00,28.275699615478516,28.280000686645508,28.209999084472656,28.225000381469727,28064,0.0,0.0
2023-06-27 14:30:00-04:00,28.229999542236328,28.260000228881836,28.18000030517578,28.18000030517578,29299,0.0,0.0
2023-06-27 15:30:00-04:00,28.170000076293945,28.264999389648438,28.15999984741211,28.190000534057617,64948,0.0,0.0
2023-06-28 09:30:00-04:00,27.979999542236328,28.1299991607666,27.860000610351562,27.875,28203,0.0,0.0
2023-06-28 10:30:00-04:00,27.860000610351562,27.8700008392334,27.700000762939453,27.795000076293945,23750,0.0,0.0
2023-06-28 11:30:00-04:00,27.795000076293945,27.860000610351562,27.780000686645508,27.799999237060547,25922,0.0,0.0
2023-06-28 12:30:00-04:00,27.799999237060547,27.844999313354492,27.709999084472656,27.799999237060547,19130,0.0,0.0
2023-06-28 13:30:00-04:00,27.799999237060547,27.799999237060547,27.59000015258789,27.65999984741211,43586,0.0,0.0
2023-06-28 14:30:00-04:00,27.649999618530273,27.899999618530273,27.579999923706055,27.860000610351562,78756,0.0,0.0
2023-06-28 15:30:00-04:00,27.854999542236328,27.920000076293945,27.770000457763672,27.790000915527344,97973,0.0,0.0
2023-06-29 09:30:00-04:00,27.770000457763672,28.09000015258789,27.700000762939453,28.08099937438965,20250,0.0,0.0
2023-06-29 10:30:00-04:00,28.079999923706055,28.18000030517578,28.040199279785156,28.135000228881836,21648,0.0,0.0
2023-06-29 11:30:00-04:00,28.135000228881836,28.279800415039062,28.110000610351562,28.279800415039062,21809,0.0,0.0
2023-06-29 12:30:00-04:00,28.28499984741211,28.309999465942383,28.190000534057617,28.200000762939453,129316,0.0,0.0
2023-06-29 13:30:00-04:00,28.19099998474121,28.209999084472656,28.06999969482422,28.075000762939453,23285,0.0,0.0
2023-06-29 14:30:00-04:00,28.075000762939453,28.100000381469727,28.041000366210938,28.079999923706055,41972,0.0,0.0
2023-06-29 15:30:00-04:00,28.075000762939453,28.09000015258789,27.979999542236328,28.040000915527344,61902,0.0,0.0
2023-06-30 09:30:00-04:00,28.09000015258789,28.27899932861328,28.09000015258789,28.229999542236328,14243,0.0,0.0
2023-06-30 10:30:00-04:00,28.299999237060547,28.329999923706055,28.25,28.270000457763672,19148,0.0,0.0
2023-06-30 11:30:00-04:00,28.25,28.280000686645508,28.219999313354492,28.260000228881836,12887,0.0,0.0
2023-06-30 12:30:00-04:00,28.25,28.270099639892578,28.209999084472656,28.270000457763672,14339,0.0,0.0
2023-06-30 13:30:00-04:00,28.25,28.260000228881836,28.184999465942383,28.229999542236328,17977,0.0,0.0
2023-06-30 14:30:00-04:00,28.25,28.28499984741211,28.200000762939453,28.219999313354492,66672,0.0,0.0
2023-06-30 15:30:00-04:00,28.219999313354492,28.25,28.18000030517578,28.25,34169,0.0,0.0
2023-07-03 09:30:00-04:00,28.15999984741211,28.34000015258789,28.139999389648438,28.34000015258789,22064,0.0,0.0
2023-07-03 10:30:00-04:00,28.3700008392334,28.450000762939453,28.34000015258789,28.350000381469727,29810,0.0,0.0
2023-07-03 11:30:00-04:00,28.350000381469727,28.434999465942383,28.260000228881836,28.40999984741211,26810,0.0,0.0
2023-07-05 09:30:00-04:00,28.229999542236328,28.229999542236328,27.950000762939453,27.989999771118164,0,0.0,0.0
2023-07-05 10:30:00-04:00,27.9950008392334,28.21500015258789,27.9950008392334,28.19499969482422,27954,0.0,0.0
2023-07-05 11:30:00-04:00,28.190000534057617,28.260000228881836,28.1299991607666,28.15999984741211,28724,0.0,0.0
2023-07-05 12:30:00-04:00,28.149999618530273,28.219999313354492,28.100000381469727,28.155000686645508,24773,0.0,0.0
2023-07-05 13:30:00-04:00,28.15999984741211,28.200000762939453,28.1200008392334,28.149999618530273,25216,0.0,0.0
2023-07-05 14:30:00-04:00,28.139999389648438,28.19499969482422,28.059999465942383,28.15999984741211,33034,0.0,0.0
2023-07-05 15:30:00-04:00,28.170000076293945,28.170000076293945,28.094999313354492,28.149999618530273,51965,0.0,0.0
2023-07-06 09:30:00-04:00,28.1299991607666,28.1299991607666,27.719999313354492,27.719999313354492,38708,0.0,0.0
2023-07-06 10:30:00-04:00,27.729999542236328,27.809999465942383,27.719999313354492,27.780000686645508,36116,0.0,0.0
2023-07-06 11:30:00-04:00,27.770000457763672,27.84000015258789,27.75,27.829999923706055,29008,0.0,0.0
2023-07-06 12:30:00-04:00,27.809999465942383,27.868999481201172,27.760000228881836,27.860000610351562,19409,0.0,0.0
2023-07-06 13:30:00-04:00,27.860000610351562,27.889999389648438,27.760000228881836,27.770000457763672,23933,0.0,0.0
2023-07-06 14:30:00-04:00,27.770000457763672,27.81999969482422,27.764999389648438,27.799999237060547,30455,0.0,0.0
2023-07-06 15:30:00-04:00,27.790000915527344,27.81999969482422,27.719999313354492,27.790000915527344,63730,0.0,0.0
2023-07-07 09:30:00-04:00,27.809999465942383,27.940000534057617,27.809999465942383,27.920000076293945,23172,0.0,0.0
2023-07-07 10:30:00-04:00,27.940000534057617,28.030000686645508,27.889999389648438,28.0,23726,0.0,0.0
2023-07-07 11:30:00-04:00,28.0049991607666,28.0398006439209,27.90999984741211,27.969999313354492,20900,0.0,0.0
2023-07-07 12:30:00-04:00,27.979999542236328,28.100000381469727,27.969999313354492,28.04170036315918,22941,0.0,0.0
2023-07-07 13:30:00-04:00,28.040000915527344,28.040000915527344,27.969999313354492,27.979999542236328,20797,0.0,0.0
2023-07-07 14:30:00-04:00,27.979999542236328,28.06999969482422,27.94499969482422,28.06999969482422,33116,0.0,0.0
2023-07-07 15:30:00-04:00,28.06999969482422,28.100000381469727,27.920000076293945,27.940000534057617,82595,0.0,0.0
2023-07-10 09:30:00-04:00,27.8799991607666,28.280000686645508,27.8799991607666,28.1200008392334,16681,0.0,0.0
2023-07-10 10:30:00-04:00,28.110000610351562,28.110000610351562,28.040000915527344,28.075000762939453,20259,0.0,0.0
2023-07-10 11:30:00-04:00,28.079999923706055,28.110000610351562,28.03499984741211,28.079999923706055,16975,0.0,0.0
2023-07-10 12:30:00-04:00,28.054000854492188,28.110000610351562,28.035999298095703,28.035999298095703,17983,0.0,0.0
2023-07-10 13:30:00-04:00,28.040000915527344,28.094999313354492,27.990999221801758,28.079999923706055,19722,0.0,0.0
2023-07-10 14:30:00-04:00,28.079999923706055,28.079999923706055,27.90999984741211,27.90999984741211,16256,0.0,0.0
2023-07-10 15:30:00-04:00,27.90999984741211,27.940000534057617,27.84000015258789,27.940000534057617,40289,0.0,0.0
2023-07-11 09:30:00-04:00,28.0,28.084999084472656,27.969999313354492,27.979999542236328,19344,0.0,0.0
2023-07-11 10:30:00-04:00,27.989999771118164,27.989999771118164,27.844999313354492,27.959999084472656,19782,0.0,0.0
2023-07-11 11:30:00-04:00,27.959999084472656,27.9950008392334,27.920000076293945,27.959999084472656,14321,0.0,0.0
2023-07-11 12:30:00-04:00,27.940000534057617,27.96500015258789,27.829999923706055,27.844999313354492,23564,0.0,0.0
2023-07-11 13:30:00-04:00,27.844999313354492,27.844999313354492,27.790000915527344,27.790000915527344,16658,0.0,0.0
2023-07-11 14:30:00-04:00,27.795000076293945,27.84000015258789,27.709999084472656,27.709999084472656,24067,0.0,0.0
2023-07-11 15:30:00-04:00,27.709999084472656,27.7450008392334,27.65999984741211,27.729999542236328,57890,0.0,0.0
2023-07-12 09:30:00-04:00,27.8799991607666,27.8799991607666,27.670000076293945,27.690000534057617,34078,0.0,0.0
2023-07-12 10:30:00-04:00,27.709999084472656,27.790000915527344,27.700000762939453,27.770000457763672,15103,0.0,0.0
2023-07-12 11:30:00-04:00,27.774999618530273,27.809999465942383,27.729999542236328,27.760000228881836,13706,0.0,0.0
2023-07-12 12:30:00-04:00,27.700000762939453,27.75,27.700000762939453,27.75,10986,0.0,0.0
2023-07-12 13:30:00-04:00,27.75,27.780000686645508,27.690000534057617,27.729999542236328,15045,0.0,0.0
2023-07-12 14:30:00-04:00,27.725000381469727,27.81999969482422,27.725000381469727,27.799999237060547,31903,0.0,0.0
2023-07-12 15:30:00-04:00,27.805999755859375,27.857999801635742,27.80500030517578,27.850000381469727,34101,0.0,0.0
2023-07-13 09:30:00-04:00,27.920000076293945,27.920000076293945,27.71500015258789,27.729999542236328,17122,0.0,0.0
2023-07-13 10:30:00-04:00,27.719999313354492,27.729999542236328,27.559999465942383,27.729999542236328,28295,0.0,0.0
2023-07-13 11:30:00-04:00,27.719999313354492,27.719999313354492,27.600000381469727,27.649999618530273,28343,0.0,0.0
2023-07-13 12:30:00-04:00,27.649999618530273,27.739999771118164,27.649999618530273,27.700000762939453,26987,0.0,0.0
2023-07-13 13:30:00-04:00,27.690000534057617,27.690000534057617,27.649999618530273,27.665000915527344,13620,0.0,0.0
2023-07-13 14:30:00-04:00,27.670000076293945,27.700000762939453,27.65999984741211,27.697200775146484,25825,0.0,0.0
2023-07-13 15:30:00-04:00,27.697999954223633,27.739999771118164,27.65999984741211,27.670000076293945,45020,0.0,0.0
2023-07-14 09:30:00-04:00,27.68000030517578,27.68000030517578,27.29050064086914,27.3700008392334,25042,0.0,0.0
2023-07-14 10:30:00-04:00,27.3700008392334,27.489999771118164,27.309999465942383,27.334999084472656,38781,0.0,0.0
2023-07-14 11:30:00-04:00,27.3700008392334,27.3700008392334,27.280000686645508,27.290000915527344,25014,0.0,0.0
2023-07-14 12:30:00-04:00,27.289899826049805,27.375,27.280000686645508,27.329999923706055,26983,0.0,0.0
2023-07-14 13:30:00-04:00,27.329999923706055,27.399999618530273,27.329999923706055,27.344999313354492,22476,0.0,0.0
2023-07-14 14:30:00-04:00,27.344999313354492,27.389999389648438,27.280000686645508,27.290000915527344,78458,0.0,0.0
2023-07-14 15:30:00-04:00,27.290000915527344,27.309999465942383,27.219999313354492,27.299999237060547,91588,0.0,0.0
2023-07-17 09:30:00-04:00,27.309999465942383,27.549999237060547,27.260000228881836,27.540000915527344,37141,0.0,0.0
2023-07-17 10:30:00-04:00,27.530000686645508,27.530000686645508,27.40999984741211,27.454999923706055,31265,0.0,0.0
2023-07-17 11:30:00-04:00,27.46500015258789,27.559999465942383,27.424999237060547,27.520000457763672,33573,0.0,0.0
2023-07-17 12:30:00-04:00,27.520000457763672,27.56999969482422,27.489999771118164,27.56999969482422,57311,0.0,0.0
2023-07-17 13:30:00-04:00,27.579999923706055,27.600000381469727,27.489999771118164,27.600000381469727,63164,0.0,0.0
2023-07-17 14:30:00-04:00,27.600000381469727,27.704999923706055,27.559999465942383,27.690000534057617,56923,0.0,0.0
2023-07-17 15:30:00-04:00,27.69499969482422,27.770000457763672,27.670000076293945,27.670000076293945,100543,0.0,0.0
2023-07-18 09:30:00-04:00,27.610000610351562,27.760000228881836,27.40999984741211,27.684999465942383,19797,0.0,0.0
2023-07-18 10:30:00-04:00,27.68000030517578,27.709999084472656,27.670000076293945,27.690000534057617,14212,0.0,0.0
2023-07-18 11:30:00-04:00,27.68000030517578,27.690000534057617,27.479999542236328,27.479999542236328,18208,0.0,0.0
2023-07-18 12:30:00-04:00,27.469999313354492,27.4950008392334,27.389999389648438,27.437299728393555,14733,0.0,0.0
2023-07-18 13:30:00-04:00,27.43000030517578,27.440000534057617,27.280000686645508,27.31999969482422,240408,0.0,0.0
2023-07-18 14:30:00-04:00,27.31999969482422,27.329999923706055,27.219999313354492,27.239999771118164,50189,0.0,0.0
2023-07-18 15:30:00-04:00,27.235000610351562,27.235000610351562,27.0,27.09000015258789,120601,0.0,0.0
2023-07-19 09:30:00-04:00,27.09000015258789,27.600000381469727,27.09000015258789,27.399999618530273,33333,0.0,0.0
2023-07-19 10:30:00-04:00,27.420000076293945,27.43000030517578,27.329999923706055,27.399999618530273,34856,0.0,0.0
2023-07-19 11:30:00-04:00,27.40999984741211,27.440000534057617,27.34000015258789,27.399999618530273,43167,0.0,0.0
2023-07-19 12:30:00-04:00,27.399999618530273,27.665000915527344,27.360000610351562,27.6200008392334,57774,0.0,0.0
2023-07-19 13:30:00-04:00,27.643699645996094,27.65999984741211,27.56999969482422,27.610000610351562,27789,0.0,0.0
2023-07-19 14:30:00-04:00,27.6200008392334,27.844999313354492,27.6200008392334,27.84000015258789,59343,0.0,0.0
2023-07-19 15:30:00-04:00,27.850000381469727,27.90999984741211,27.81999969482422,27.8700008392334,116390,0.0,0.0
2023-07-20 09:30:00-04:00,27.6200008392334,27.899999618530273,27.399999618530273,27.8700008392334,180323,0.0,0.0
2023-07-20 10:30:00-04:00,27.8700008392334,27.950000762939453,27.829999923706055,27.950000762939453,40708,0.0,0.0
2023-07-20 11:30:00-04:00,27.90999984741211,28.049999237060547,27.899999618530273,27.989999771118164,34324,0.0,0.0
2023-07-20 12:30:00-04:00,28.0,28.06999969482422,27.969999313354492,28.0,39343,0.0,0.0
2023-07-20 13:30:00-04:00,27.979999542236328,27.979999542236328,27.780000686645508,27.8799991607666,25666,0.0,0.0
2023-07-20 14:30:00-04:00,27.875,27.940000534057617,27.8700008392334,27.8700008392334,29203,0.0,0.0
2023-07-20 15:30:00-04:00,27.875,27.90999984741211,27.81999969482422,27.889999389648438,60727,0.0,0.0
2023-07-21 09:30:00-04:00,28.059999465942383,28.1200008392334,27.95599937438965,28.09000015258789,22652,0.0,0.0
2023-07-21 10:30:00-04:00,28.110000610351562,28.110000610351562,27.84000015258789,27.8700008392334,21295,0.0,0.0
2023-07-21 11:30:00-04:00,27.8799991607666,27.98900032043457,27.8799991607666,27.969999313354492,14940,0.0,0.0
2023-07-21 12:30:00-04:00,27.969999313354492,27.989999771118164,27.8700008392334,27.93000030517578,15164,0.0,0.0
2023-07-21 13:30:00-04:00,27.93000030517578,27.979999542236328,27.929000854492188,27.950000762939453,11678,0.0,0.0
2023-07-21 14:30:00-04:00,27.940000534057617,27.989999771118164,27.940000534057617,27.94499969482422,17607,0.0,0.0
2023-07-21 15:30:00-04:00,27.94499969482422,27.954999923706055,27.790000915527344,27.799999237060547,77734,0.0,0.0
2023-07-24 09:30:00-04:00,27.799999237060547,27.948999404907227,27.780000686645508,27.829999923706055,102991,0.0,0.0
2023-07-24 10:30:00-04:00,27.81999969482422,27.850000381469727,27.690000534057617,27.75830078125,12689,0.0,0.0
2023-07-24 11:30:00-04:00,27.75,27.809999465942383,27.75,27.799999237060547,23646,0.0,0.0
2023-07-24 12:30:00-04:00,27.791400909423828,27.850000381469727,27.770000457763672,27.799999237060547,11150,0.0,0.0
2023-07-24 13:30:00-04:00,27.799999237060547,27.889999389648438,27.799999237060547,27.889999389648438,16873,0.0,0.0
2023-07-24 14:30:00-04:00,27.8799991607666,27.889999389648438,27.84000015258789,27.85919952392578,23786,0.0,0.0
2023-07-24 15:30:00-04:00,27.860000610351562,27.8700008392334,27.770000457763672,27.780000686645508,32920,0.0,0.0
2023-07-25 09:30:00-04:00,27.790000915527344,27.920000076293945,27.760000228881836,27.860000610351562,17377,0.0,0.0
2023-07-25 10:30:00-04:00,27.86750030517578,27.86750030517578,27.761999130249023,27.809999465942383,12334,0.0,0.0
2023-07-25 11:30:00-04:00,27.790000915527344,27.889999389648438,27.740999221801758,27.860000610351562,21777,0.0,0.0
2023-07-25 12:30:00-04:00,27.829999923706055,27.860000610351562,27.760000228881836,27.774999618530273,21589,0.0,0.0
2023-07-25 13:30:00-04:00,27.780000686645508,27.8700008392334,27.774999618530273,27.799999237060547,29457,0.0,0.0
2023-07-25 14:30:00-04:00,27.799999237060547,27.84000015258789,27.770000457763672,27.780000686645508,41335,0.0,0.0
2023-07-25 15:30:00-04:00,27.780000686645508,27.850000381469727,27.729999542236328,27.829999923706055,80444,0.0,0.0
2023-07-26 09:30:00-04:00,27.850000381469727,28.030000686645508,27.850000381469727,27.979999542236328,16132,0.0,0.0
2023-07-26 10:30:00-04:00,28.0,28.15999984741211,27.950000762939453,28.100000381469727,18618,0.0,0.0
2023-07-26 11:30:00-04:00,28.09000015258789,28.329999923706055,28.030000686645508,28.290000915527344,219640,0.0,0.0
2023-07-26 12:30:00-04:00,28.290000915527344,28.290000915527344,28.110000610351562,28.139999389648438,16575,0.0,0.0
2023-07-26 13:30:00-04:00,28.1299991607666,28.1299991607666,27.969999313354492,28.030000686645508,19867,0.0,0.0
2023-07-26 14:30:00-04:00,28.020000457763672,28.1200008392334,27.950000762939453,27.969999313354492,55546,0.0,0.0
2023-07-26 15:30:00-04:00,27.969999313354492,27.975000381469727,27.850000381469727,27.899999618530273,60500,0.0,0.0
2023-07-27 09:30:00-04:00,27.84000015258789,28.190000534057617,27.6200008392334,27.6299991607666,38685,0.0,0.0
2023-07-27 10:30:00-04:00,27.65999984741211,27.760000228881836,27.610000610351562,27.709999084472656,36277,0.0,0.0
2023-07-27 11:30:00-04:00,27.700000762939453,27.709999084472656,27.649999618530273,27.709999084472656,16793,0.0,0.0
2023-07-27 12:30:00-04:00,27.719999313354492,27.739999771118164,27.575000762939453,27.579999923706055,21327,0.0,0.0
2023-07-27 13:30:00-04:00,27.56999969482422,27.6200008392334,27.530000686645508,27.594999313354492,28294,0.0,0.0
2023-07-27 14:30:00-04:00,27.600000381469727,27.610000610351562,27.530000686645508,27.59000015258789,75009,0.0,0.0
2023-07-27 15:30:00-04:00,27.59000015258789,27.6299991607666,27.559999465942383,27.59000015258789,130077,0.0,0.0
2023-07-28 09:30:00-04:00,27.700000762939453,27.8799991607666,27.611000061035156,27.81999969482422,56528,0.0,0.0
2023-07-28 10:30:00-04:00,27.809999465942383,27.940000534057617,27.760000228881836,27.850000381469727,13839,0.0,0.0
2023-07-28 11:30:00-04:00,27.850000381469727,27.850000381469727,27.68000030517578,27.690000534057617,14720,0.0,0.0
2023-07-28 12:30:00-04:00,27.709999084472656,27.739999771118164,27.6200008392334,27.625,17275,0.0,0.0
2023-07-28 13:30:00-04:00,27.610000610351562,27.700000762939453,27.59000015258789,27.65999984741211,31704,0.0,0.0
2023-07-28 14:30:00-04:00,27.68000030517578,27.700000762939453,27.639999389648438,27.665000915527344,24636,0.0,0.0
2023-07-28 15:30:00-04:00,27.665000915527344,27.690000534057617,27.59000015258789,27.610000610351562,71261,0.0,0.0
2023-07-31 09:30:00-04:00,27.610000610351562,27.700000762939453,27.59000015258789,27.59000015258789,0,0.0,0.0
2023-07-31 10:30:00-04:00,27.59000015258789,27.600000381469727,27.5,27.59000015258789,21915,0.0,0.0
2023-07-31 11:30:00-04:00,27.594999313354492,27.600000381469727,27.479999542236328,27.530000686645508,10786,0.0,0.0
2023-07-31 12:30:00-04:00,27.530000686645508,27.56999969482422,27.420000076293945,27.56999969482422,18827,0.0,0.0
2023-07-31 13:30:00-04:00,27.59000015258789,27.670000076293945,27.579999923706055,27.655000686645508,22418,0.0,0.0
2023-07-31 14:30:00-04:00,27.655000686645508,27.670000076293945,27.600000381469727,27.639999389648438,28084,0.0,0.0
2023-07-31 15:30:00-04:00,27.649999618530273,27.690000534057617,27.601999282836914,27.670000076293945,51323,0.0,0.0
2023-08-01 09:30:00-04:00,27.68000030517578,27.729999542236328,27.59000015258789,27.6200008392334,18273,0.0,0.0
2023-08-01 10:30:00-04:00,27.610000610351562,27.610000610351562,27.5,27.524999618530273,11207,0.0,0.0
2023-08-01 11:30:00-04:00,27.459999084472656,27.522300720214844,27.459999084472656,27.5,9344,0.0,0.0
2023-08-01 12:30:00-04:00,27.489999771118164,27.559999465942383,27.48579978942871,27.559999465942383,10457,0.0,0.0
2023-08-01 13:30:00-04:00,27.55500030517578,27.559999465942383,27.489999771118164,27.510000228881836,16270,0.0,0.0
2023-08-01 14:30:00-04:00,27.510000228881836,27.520000457763672,27.43000030517578,27.440000534057617,24837,0.0,0.0
2023-08-01 15:30:00-04:00,27.440000534057617,27.450000762939453,27.399999618530273,27.448999404907227,55487,0.0,0.0
2023-08-02 09:30:00-04:00,27.420000076293945,27.56999969482422,27.350000381469727,27.44499969482422,12385,0.0,0.0
2023-08-02 10:30:00-04:00,27.459999084472656,27.610000610351562,27.459999084472656,27.610000610351562,11604,0.0,0.0
2023-08-02 11:30:00-04:00,27.639999389648438,27.825000762939453,27.6200008392334,27.815000534057617,22359,0.0,0.0
2023-08-02 12:30:00-04:00,27.81999969482422,27.899999618530273,27.760000228881836,27.899999618530273,38805,0.0,0.0
2023-08-02 13:30:00-04:00,27.920000076293945,27.93000030517578,27.809999465942383,27.81999969482422,22516,0.0,0.0
2023-08-02 14:30:00-04:00,27.78499984741211,27.899999618530273,27.780000686645508,27.860000610351562,46024,0.0,0.0
2023-08-02 15:30:00-04:00,27.829999923706055,27.8700008392334,27.75,27.760000228881836,29986,0.0,0.0
2023-08-03 09:30:00-04:00,27.729999542236328,28.18000030517578,27.729999542236328,28.15999984741211,25569,0.0,0.0
2023-08-03 10:30:00-04:00,28.139999389648438,28.239999771118164,28.06999969482422,28.219999313354492,30909,0.0,0.0
2023-08-03 11:30:00-04:00,28.200000762939453,28.200000762939453,28.01759910583496,28.059999465942383,21670,0.0,0.0
2023-08-03 12:30:00-04:00,28.059999465942383,28.2450008392334,28.059999465942383,28.229999542236328,22735,0.0,0.0
2023-08-03 13:30:00-04:00,28.2450008392334,28.260000228881836,28.1200008392334,28.1299991607666,22018,0.0,0.0
2023-08-03 14:30:00-04:00,28.139999389648438,28.139999389648438,28.0,28.0,24379,0.0,0.0
2023-08-03 15:30:00-04:00,28.0,28.05500030517578,27.959999084472656,27.969999313354492,95237,0.0,0.0
2023-08-04 09:30:00-04:00,28.0,28.1200008392334,27.93000030517578,27.975000381469727,43565,0.0,0.0
2023-08-04 10:30:00-04:00,27.975000381469727,28.1299991607666,27.96500015258789,28.1200008392334,32379,0.0,0.0
2023-08-04 11:30:00-04:00,28.1200008392334,28.274999618530273,28.020000457763672,28.257999420166016,197145,0.0,0.0
2023-08-04 12:30:00-04:00,28.280000686645508,28.360000610351562,28.239999771118164,28.239999771118164,30762,0.0,0.0
2023-08-04 13:30:00-04:00,28.239999771118164,28.25,28.135000228881836,28.139999389648438,31795,0.0,0.0
2023-08-04 14:30:00-04:00,28.144100189208984,28.15999984741211,28.06999969482422,28.110000610351562,46330,0.0,0.0
2023-08-04 15:30:00-04:00,28.104999542236328,28.184999465942383,28.09000015258789,28.15999984741211,99897,0.0,0.0
2023-08-07 09:30:00-04:00,28.239999771118164,28.458999633789062,28.18000030517578,28.209999084472656,18552,0.0,0.0
2023-08-07 10:30:00-04:00,28.200000762939453,28.25,28.139999389648438,28.239999771118164,18431,0.0,0.0
2023-08-07 11:30:00-04:00,28.23310089111328,28.280000686645508,28.15999984741211,28.18000030517578,15062,0.0,0.0
2023-08-07 12:30:00-04:00,28.18000030517578,28.280000686645508,28.149999618530273,28.260000228881836,21944,0.0,0.0
2023-08-07 13:30:00-04:00,28.260000228881836,28.270000457763672,28.079999923706055,28.079999923706055,18356,0.0,0.0
2023-08-07 14:30:00-04:00,28.06999969482422,28.100000381469727,28.010000228881836,28.030000686645508,32772,0.0,0.0
2023-08-07 15:30:00-04:00,28.030000686645508,28.229999542236328,28.020000457763672,28.18000030517578,53483,0.0,0.0
2023-08-08 09:30:00-04:00,28.149999618530273,28.149999618530273,27.774999618530273,27.774999618530273,17897,0.0,0.0
2023-08-08 10:30:00-04:00,27.719999313354492,27.8700008392334,27.690000534057617,27.729999542236328,25941,0.0,0.0
2023-08-08 11:30:00-04:00,27.729999542236328,27.799999237060547,27.710100173950195,27.735000610351562,20536,0.0,0.0
2023-08-08 12:30:00-04:00,27.719999313354492,27.719999313354492,27.59000015258789,27.639999389648438,25587,0.0,0.0
2023-08-08 13:30:00-04:00,27.649999618530273,27.735000610351562,27.649999618530273,27.72319984436035,21310,0.0,0.0
2023-08-08 14:30:00-04:00,27.739999771118164,27.780000686645508,27.719999313354492,27.760000228881836,30211,0.0,0.0
2023-08-08 15:30:00-04:00,27.764999389648438,27.790000915527344,27.719999313354492,27.770000457763672,43843,0.0,0.0
2023-08-09 09:30:00-04:00,29.489999771118164,30.540000915527344,29.239999771118164,29.635000228881836,168054,0.0,0.0
2023-08-09 10:30:00-04:00,29.639999389648438,29.75,29.18000030517578,29.18000030517578,114532,0.0,0.0
2023-08-09 11:30:00-04:00,29.190000534057617,29.43000030517578,28.920000076293945,28.93000030517578,89965,0.0,0.0
2023-08-09 12:30:00-04:00,28.93000030517578,29.049999237060547,28.889999389648438,28.940000534057617,54503,0.0,0.0
2023-08-09 13:30:00-04:00,28.934999465942383,28.934999465942383,28.56999969482422,28.639999389648438,59453,0.0,0.0
2023-08-09 14:30:00-04:00,28.665000915527344,28.719999313354492,28.56999969482422,28.649999618530273,94815,0.0,0.0
2023-08-09 15:30:00-04:00,28.670000076293945,28.899999618530273,28.670000076293945,28.899999618530273,95373,0.0,0.0
2023-08-10 09:30:00-04:00,28.790000915527344,29.040000915527344,28.600000381469727,28.760000228881836,38228,0.0,0.0
2023-08-10 10:30:00-04:00,28.75,28.75,28.361000061035156,28.420000076293945,30896,0.0,0.0
2023-08-10 11:30:00-04:00,28.43000030517578,28.440000534057617,28.309999465942383,28.350000381469727,31527,0.0,0.0
2023-08-10 12:30:00-04:00,28.344999313354492,28.360000610351562,28.210100173950195,28.360000610351562,38353,0.0,0.0
2023-08-10 13:30:00-04:00,28.350000381469727,28.360000610351562,28.190000534057617,28.290000915527344,44830,0.0,0.0
2023-08-10 14:30:00-04:00,28.290000915527344,28.31999969482422,28.2450008392334,28.260000228881836,35809,0.0,0.0
2023-08-10 15:30:00-04:00,28.260000228881836,28.280000686645508,28.200000762939453,28.219999313354492,87230,0.0,0.0
2023-08-11 09:30:00-04:00,28.34000015258789,28.420000076293945,28.290000915527344,28.309999465942383,16260,0.0,0.0
2023-08-11 10:30:00-04:00,28.295000076293945,28.440000534057617,28.229999542236328,28.397600173950195,25631,0.0,0.0
2023-08-11 11:30:00-04:00,28.389999389648438,28.559999465942383,28.3700008392334,28.479999542236328,29255,0.0,0.0
2023-08-11 12:30:00-04:00,28.459999084472656,28.5,28.420000076293945,28.469999313354492,21739,0.0,0.0
2023-08-11 13:30:00-04:00,28.479999542236328,28.5,28.3700008392334,28.422000885009766,26679,0.0,0.0
2023-08-11 14:30:00-04:00,28.440000534057617,28.59000015258789,28.440000534057617,28.56999969482422,24592,0.0,0.0
2023-08-11 15:30:00-04:00,28.579999923706055,28.670000076293945,28.579999923706055,28.59000015258789,43287,0.0,0.0
2023-08-14 09:30:00-04:00,28.59000015258789,28.6200008392334,28.350000381469727,28.40999984741211,14348,0.0,0.0
2023-08-14 10:30:00-04:00,28.40999984741211,28.440000534057617,28.27440071105957,28.290000915527344,10938,0.0,0.0
2023-08-14 11:30:00-04:00,28.2810001373291,28.43000030517578,28.270000457763672,28.385000228881836,17485,0.0,0.0
2023-08-14 12:30:00-04:00,28.360000610351562,28.433900833129883,28.290000915527344,28.399999618530273,20424,0.0,0.0
2023-08-14 13:30:00-04:00,28.389999389648438,28.389999389648438,28.329999923706055,28.329999923706055,17669,0.0,0.0
2023-08-14 14:30:00-04:00,28.329999923706055,28.389999389648438,28.309999465942383,28.350000381469727,29405,0.0,0.0
2023-08-14 15:30:00-04:00,28.350000381469727,28.3799991607666,28.260000228881836,28.290000915527344,39272,0.0,0.0
2023-08-15 09:30:00-04:00,28.239999771118164,28.239999771118164,27.959999084472656,28.05500030517578,13490,0.0,0.0
2023-08-15 10:30:00-04:00,28.059999465942383,28.110000610351562,28.040000915527344,28.0492000579834,12071,0.0,0.0
2023-08-15 11:30:00-04:00,28.049999237060547,28.049999237060547,27.934999465942383,28.020000457763672,15638,0.0,0.0
2023-08-15 12:30:00-04:00,28.0,28.06999969482422,27.969999313354492,28.020999908447266,13976,0.0,0.0
2023-08-15 13:30:00-04:00,28.030000686645508,28.059999465942383,27.969999313354492,28.045000076293945,13539,0.0,0.0
2023-08-15 14:30:00-04:00,28.045000076293945,28.18000030517578,28.04199981689453,28.094999313354492,32162,0.0,0.0
2023-08-15 15:30:00-04:00,28.094999313354492,28.229999542236328,28.082000732421875,28.209999084472656,57547,0.0,0.0
2023-08-16 09:30:00-04:00,28.18000030517578,28.2450008392334,27.920000076293945,28.020000457763672,21733,0.23,0.0
2023-08-16 10:30:00-04:00,28.02989959716797,28.1200008392334,28.020000457763672,28.100000381469727,14091,0.0,0.0
2023-08-16 11:30:00-04:00,28.09000015258789,28.190000534057617,28.09000015258789,28.190000534057617,14326,0.0,0.0
2023-08-16 12:30:00-04:00,28.209999084472656,28.229999542236328,28.135000228881836,28.209999084472656,20082,0.0,0.0
2023-08-16 13:30:00-04:00,28.200000762939453,28.299999237060547,28.110000610351562,28.170000076293945,266499,0.0,0.0
2023-08-16 14:30:00-04:00,28.190000534057617,28.270000457763672,28.139999389648438,28.15999984741211,53817,0.0,0.0
2023-08-16 15:30:00-04:00,28.170000076293945,28.190000534057617,28.06999969482422,28.100000381469727,38053,0.0,0.0
2023-08-17 09:30:00-04:00,28.149999618530273,28.280000686645508,28.079999923706055,28.200000762939453,27332,0.0,0.0
2023-08-17 10:30:00-04:00,28.18000030517578,28.18000030517578,28.06999969482422,28.1200008392334,19792,0.0,0.0
2023-08-17 11:30:00-04:00,28.110000610351562,28.110000610351562,28.010000228881836,28.05500030517578,17620,0.0,0.0
2023-08-17 12:30:00-04:00,28.049999237060547,28.049999237060547,27.950000762939453,27.979999542236328,14148,0.0,0.0
2023-08-17 13:30:00-04:00,27.979999542236328,27.989999771118164,27.861000061035156,27.885000228881836,16882,0.0,0.0
2023-08-17 14:30:00-04:00,27.889999389648438,27.90999984741211,27.790000915527344,27.905000686645508,45917,0.0,0.0
2023-08-17 15:30:00-04:00,27.905000686645508,27.905000686645508,27.770000457763672,27.790000915527344,46551,0.0,0.0
2023-08-18 09:30:00-04:00,27.649999618530273,27.90999984741211,27.56999969482422,27.635000228881836,34001,0.0,0.0
2023-08-18 10:30:00-04:00,27.639999389648438,27.760000228881836,27.610000610351562,27.7450008392334,33161,0.0,0.0
2023-08-18 11:30:00-04:00,27.739999771118164,27.780000686645508,27.68000030517578,27.770000457763672,25888,0.0,0.0
2023-08-18 12:30:00-04:00,27.770000457763672,27.780000686645508,27.68000030517578,27.700000762939453,21722,0.0,0.0
2023-08-18 13:30:00-04:00,27.709999084472656,27.84000015258789,27.68000030517578,27.790000915527344,34115,0.0,0.0
2023-08-18 14:30:00-04:00,27.799999237060547,27.809999465942383,27.75,27.770000457763672,32570,0.0,0.0
2023-08-18 15:30:00-04:00,27.760000228881836,27.780000686645508,27.520000457763672,27.549999237060547,149081,0.0,0.0
2023-08-21 09:30:00-04:00,27.5,27.625,27.440000534057617,27.56999969482422,26570,0.0,0.0
2023-08-21 10:30:00-04:00,27.559999465942383,27.579999923706055,27.3799991607666,27.399999618530273,22041,0.0,0.0
2023-08-21 11:30:00-04:00,27.389999389648438,27.450000762939453,27.360000610351562,27.405000686645508,24283,0.0,0.0
2023-08-21 12:30:00-04:00,27.399999618530273,27.450000762939453,27.375,27.440000534057617,30145,0.0,0.0
2023-08-21 13:30:00-04:00,27.40999984741211,27.459999084472656,27.389999389648438,27.399999618530273,34847,0.0,0.0
2023-08-21 14:30:00-04:00,27.40999984741211,27.479999542236328,27.389999389648438,27.43000030517578,39812,0.0,0.0
2023-08-21 15:30:00-04:00,27.440000534057617,27.469999313354492,27.40999984741211,27.454999923706055,67126,0.0,0.0
2023-08-22 09:30:00-04:00,27.40999984741211,27.56999969482422,27.36870002746582,27.5,19937,0.0,0.0
2023-08-22 10:30:00-04:00,27.520000457763672,27.524999618530273,27.3700008392334,27.3799991607666,15532,0.0,0.0
2023-08-22 11:30:00-04:00,27.3799991607666,27.469999313354492,27.3799991607666,27.440000534057617,29250,0.0,0.0
2023-08-22 12:30:00-04:00,27.454999923706055,27.600000381469727,27.450000762939453,27.53499984741211,19825,0.0,0.0
2023-08-22 13:30:00-04:00,27.520000457763672,27.639999389648438,27.520000457763672,27.639999389648438,21062,0.0,0.0
2023-08-22 14:30:00-04:00,27.639999389648438,27.700000762939453,27.59000015258789,27.65999984741211,29339,0.0,0.0
2023-08-22 15:30:00-04:00,27.649999618530273,27.729999542236328,27.6200008392334,27.690000534057617,56060,0.0,0.0
2023-08-23 09:30:00-04:00,27.729999542236328,27.81999969482422,27.68000030517578,27.810400009155273,9416,0.0,0.0
2023-08-23 10:30:00-04:00,27.829999923706055,27.8799991607666,27.764999389648438,27.770000457763672,14915,0.0,0.0
2023-08-23 11:30:00-04:00,27.760000228881836,27.780000686645508,27.690000534057617,27.739999771118164,15135,0.0,0.0
2023-08-23 12:30:00-04:00,27.719999313354492,27.760000228881836,27.690000534057617,27.760000228881836,13928,0.0,0.0
2023-08-23 13:30:00-04:00,27.739999771118164,27.739999771118164,27.670000076293945,27.68000030517578,13827,0.0,0.0
2023-08-23 14:30:00-04:00,27.68000030517578,27.690000534057617,27.649999618530273,27.65999984741211,16072,0.0,0.0
2023-08-23 15:30:00-04:00,27.670000076293945,27.670000076293945,27.579999923706055,27.639999389648438,40634,0.0,0.0
2023-08-24 09:30:00-04:00,27.540000915527344,27.90999984741211,27.469999313354492,27.780000686645508,14512,0.0,0.0
2023-08-24 10:30:00-04:00,27.75,27.770000457763672,27.65999984741211,27.729999542236328,20390,0.0,0.0
2023-08-24 11:30:00-04:00,27.725000381469727,27.725000381469727,27.510000228881836,27.530000686645508,22249,0.0,0.0
2023-08-24 12:30:00-04:00,27.469999313354492,27.479999542236328,27.399999618530273,27.399999618530273,16564,0.0,0.0
2023-08-24 13:30:00-04:00,27.40999984741211,27.454999923706055,27.3700008392334,27.454999923706055,19859,0.0,0.0
2023-08-24 14:30:00-04:00,27.454999923706055,27.489999771118164,27.420000076293945,27.469999313354492,28578,0.0,0.0
2023-08-24 15:30:00-04:00,27.479999542236328,27.5,27.440000534057617,27.489999771118164,50392,0.0,0.0
2023-08-25 09:30:00-04:00,27.540000915527344,27.649999618530273,27.43000030517578,27.43000030517578,17586,0.0,0.0
2023-08-25 10:30:00-04:00,27.43000030517578,27.479999542236328,27.34000015258789,27.479999542236328,15738,0.0,0.0
2023-08-25 11:30:00-04:00,27.469999313354492,27.520000457763672,27.43000030517578,27.465499877929688,20586,0.0,0.0
2023-08-25 12:30:00-04:00,27.485000610351562,27.530000686645508,27.450000762939453,27.5049991607666,18593,0.0,0.0
2023-08-25 13:30:00-04:00,27.510000228881836,27.530000686645508,27.489999771118164,27.5,13102,0.0,0.0
2023-08-25 14:30:00-04:00,27.5,27.559999465942383,27.5,27.549999237060547,18886,0.0,0.0
2023-08-25 15:30:00-04:00,27.545000076293945,27.545000076293945,27.440000534057617,27.440000534057617,42622,0.0,0.0
2023-08-28 09:30:00-04:00,27.510000228881836,27.600000381469727,27.43000030517578,27.530000686645508,15588,0.0,0.0
2023-08-28 10:30:00-04:00,27.540000915527344,27.600000381469727,27.489999771118164,27.510000228881836,13732,0.0,0.0
2023-08-28 11:30:00-04:00,27.520000457763672,27.559999465942383,27.459999084472656,27.510000228881836,25131,0.0,0.0
2023-08-28 12:30:00-04:00,27.530000686645508,27.530000686645508,27.459999084472656,27.46500015258789,15727,0.0,0.0
2023-08-28 13:30:00-04:00,27.479999542236328,27.5,27.43000030517578,27.469900131225586,15963,0.0,0.0
2023-08-28 14:30:00-04:00,27.454999923706055,27.475400924682617,27.420000076293945,27.459999084472656,21005,0.0,0.0
2023-08-28 15:30:00-04:00,27.459999084472656,27.5,27.440000534057617,27.479999542236328,44082,0.0,0.0
2023-08-29 09:30:00-04:00,27.459999084472656,27.507600784301758,27.3700008392334,27.3799991607666,19690,0.0,0.0
2023-08-29 10:30:00-04:00,27.389999389648438,27.459999084472656,27.34000015258789,27.440000534057617,24024,0.0,0.0
2023-08-29 11:30:00-04:00,27.485000610351562,27.489999771118164,27.44099998474121,27.489999771118164,17533,0.0,0.0
2023-08-29 12:30:00-04:00,27.489999771118164,27.530000686645508,27.479999542236328,27.489999771118164,9872,0.0,0.0
2023-08-29 13:30:00-04:00,27.479999542236328,27.489999771118164,27.450000762939453,27.489999771118164,15304,0.0,0.0
2023-08-29 14:30:00-04:00,27.530000686645508,27.6200008392334,27.530000686645508,27.56999969482422,17043,0.0,0.0
2023-08-29 15:30:00-04:00,27.59000015258789,27.700000762939453,27.59000015258789,27.638999938964844,55987,0.0,0.0
2023-08-30 09:30:00-04:00,27.690000534057617,27.739999771118164,27.575000762939453,27.59000015258789,22887,0.0,0.0
2023-08-30 10:30:00-04:00,27.579999923706055,27.59000015258789,27.46500015258789,27.5,9195,0.0,0.0
2023-08-30 11:30:00-04:00,27.5,27.559999465942383,27.5,27.5,13957,0.0,0.0
2023-08-30 12:30:00-04:00,27.5,27.5,27.450000762939453,27.450000762939453,8750,0.0,0.0
2023-08-30 13:30:00-04:00,27.450000762939453,27.450000762939453,27.3799991607666,27.3799991607666,10718,0.0,0.0
2023-08-30 14:30:00-04:00,27.360000610351562,27.40999984741211,27.350000381469727,27.395000457763672,16324,0.0,0.0
2023-08-30 15:30:00-04:00,27.395000457763672,27.499000549316406,27.3799991607666,27.420000076293945,43103,0.0,0.0
2023-08-31 09:30:00-04:00,27.399999618530273,27.44499969482422,27.316699981689453,27.359100341796875,7818,0.0,0.0
2023-08-31 10:30:00-04:00,27.344200134277344,27.399999618530273,27.299999237060547,27.31999969482422,12780,0.0,0.0
2023-08-31 11:30:00-04:00,27.309999465942383,27.360000610351562,27.309999465942383,27.360000610351562,9924,0.0,0.0
2023-08-31 12:30:00-04:00,27.350000381469727,27.395000457763672,27.334999084472656,27.3799991607666,14128,0.0,0.0
2023-08-31 13:30:00-04:00,27.3700008392334,27.3700008392334,27.329999923706055,27.360000610351562,13338,0.0,0.0
2023-08-31 14:30:00-04:00,27.360000610351562,27.360000610351562,27.229999542236328,27.25,12852,0.0,0.0
2023-08-31 15:30:00-04:00,27.260000228881836,27.3799991607666,27.260000228881836,27.309999465942383,62793,0.0,0.0
2023-09-01 09:30:00-04:00,27.290000915527344,27.360000610351562,27.229999542236328,27.329999923706055,9326,0.0,0.0
2023-09-01 10:30:00-04:00,27.31999969482422,27.354299545288086,27.219999313354492,27.219999313354492,11777,0.0,0.0
2023-09-01 11:30:00-04:00,27.200000762939453,27.200000762939453,27.100000381469727,27.139999389648438,13289,0.0,0.0
2023-09-01 12:30:00-04:00,27.139999389648438,27.15999984741211,27.079999923706055,27.079999923706055,11004,0.0,0.0
2023-09-01 13:30:00-04:00,27.079999923706055,27.1200008392334,27.030000686645508,27.06999969482422,15744,0.0,0.0
2023-09-01 14:30:00-04:00,27.06999969482422,27.139999389648438,27.0,27.010000228881836,16871,0.0,0.0
2023-09-01 15:30:00-04:00,27.0,27.03499984741211,26.969999313354492,26.969999313354492,42517,0.0,0.0
2023-09-05 09:30:00-04:00,26.989999771118164,26.989999771118164,26.579999923706055,26.6299991607666,27730,0.0,0.0
2023-09-05 10:30:00-04:00,26.6299991607666,26.6299991607666,26.479999542236328,26.610000610351562,51544,0.0,0.0
2023-09-05 11:30:00-04:00,26.639999389648438,26.65999984741211,26.549999237060547,26.56999969482422,20618,0.0,0.0
2023-09-05 12:30:00-04:00,26.56999969482422,26.6299991607666,26.44499969482422,26.510000228881836,28043,0.0,0.0
2023-09-05 13:30:00-04:00,26.51140022277832,26.540000915527344,26.440000534057617,26.510000228881836,20865,0.0,0.0
2023-09-05 14:30:00-04:00,26.520000457763672,26.559999465942383,26.510000228881836,26.545000076293945,27793,0.0,0.0
2023-09-05 15:30:00-04:00,26.545000076293945,26.549999237060547,26.479999542236328,26.5,71484,0.0,0.0
2023-09-06 09:30:00-04:00,26.510000228881836,26.549999237060547,26.40999984741211,26.530000686645508,16791,0.0,0.0
2023-09-06 10:30:00-04:00,26.530000686645508,26.548999786376953,26.389999389648438,26.389999389648438,15875,0.0,0.0
2023-09-06 11:30:00-04:00,26.3799991607666,26.478900909423828,26.360000610351562,26.444599151611328,23678,0.0,0.0
2023-09-06 12:30:00-04:00,26.44070053100586,26.44070053100586,26.229999542236328,26.299999237060547,16869,0.0,0.0
2023-09-06 13:30:00-04:00,26.290000915527344,26.350000381469727,26.280000686645508,26.329999923706055,18393,0.0,0.0
2023-09-06 14:30:00-04:00,26.325000762939453,26.334999084472656,26.229999542236328,26.280000686645508,19727,0.0,0.0
2023-09-06 15:30:00-04:00,26.270099639892578,26.280000686645508,26.15999984741211,26.15999984741211,46496,0.0,0.0
2023-09-07 09:30:00-04:00,26.209999084472656,26.399999618530273,26.200000762939453,26.31999969482422,13449,0.0,0.0
2023-09-07 10:30:00-04:00,26.34000015258789,26.520000457763672,26.34000015258789,26.520000457763672,19383,0.0,0.0
2023-09-07 11:30:00-04:00,26.520000457763672,26.709999084472656,26.510000228881836,26.59000015258789,35919,0.0,0.0
2023-09-07 12:30:00-04:00,26.559999465942383,26.559999465942383,26.329999923706055,26.34119987487793,39976,0.0,0.0
2023-09-07 13:30:00-04:00,26.340099334716797,26.350000381469727,26.284799575805664,26.290000915527344,21222,0.0,0.0
2023-09-07 14:30:00-04:00,26.290000915527344,26.290000915527344,26.1299991607666,26.139999389648438,40245,0.0,0.0
2023-09-07 15:30:00-04:00,26.140600204467773,26.200000762939453,26.09000015258789,26.200000762939453,48554,0.0,0.0
2023-09-08 09:30:00-04:00,26.110000610351562,26.260000228881836,26.079999923706055,26.238399505615234,29416,0.0,0.0
2023-09-08 10:30:00-04:00,26.231000900268555,26.231000900268555,26.100000381469727,26.149999618530273,15548,0.0,0.0
2023-09-08 11:30:00-04:00,26.1299991607666,26.15999984741211,26.06999969482422,26.09000015258789,10124,0.0,0.0
2023-09-08 12:30:00-04:00,26.1200008392334,26.25,26.112499237060547,26.229999542236328,23485,0.0,0.0
2023-09-08 13:30:00-04:00,26.230600357055664,26.280000686645508,26.229999542236328,26.280000686645508,16853,0.0,0.0
2023-09-08 14:30:00-04:00,26.28499984741211,26.290000915527344,26.200000762939453,26.25,17596,0.0,0.0
2023-09-08 15:30:00-04:00,26.239999771118164,26.280000686645508,26.15999984741211,26.239999771118164,41207,0.0,0.0
2023-09-11 09:30:00-04:00,26.260000228881836,26.309999465942383,26.15999984741211,26.280000686645508,13877,0.0,0.0
2023-09-11 10:30:00-04:00,26.260000228881836,26.260000228881836,26.059999465942383,26.059999465942383,21029,0.0,0.0
2023-09-11 11:30:00-04:00,26.049999237060547,26.209999084472656,26.0,26.100000381469727,19167,0.0,0.0
2023-09-11 12:30:00-04:00,26.09000015258789,26.139999389648438,26.079999923706055,26.087799072265625,19140,0.0,0.0
2023-09-11 13:30:00-04:00,26.059999465942383,26.09000015258789,26.020000457763672,26.079999923706055,18991,0.0,0.0
2023-09-11 14:30:00-04:00,26.079999923706055,26.079999923706055,26.020000457763672,26.040000915527344,30270,0.0,0.0
2023-09-11 15:30:00-04:00,26.024999618530273,26.1299991607666,26.024999618530273,26.06999969482422,52015,0.0,0.0
2023-09-12 09:30:00-04:00,26.059999465942383,26.09000015258789,25.780000686645508,25.780000686645508,19988,0.0,0.0
2023-09-12 10:30:00-04:00,25.81999969482422,25.950000762939453,25.81999969482422,25.899999618530273,52972,0.0,0.0
2023-09-12 11:30:00-04:00,25.889999389648438,26.0,25.854999542236328,25.979999542236328,34302,0.0,0.0
2023-09-12 12:30:00-04:00,25.969999313354492,25.972999572753906,25.829999923706055,25.8799991607666,25355,0.0,0.0
2023-09-12 13:30:00-04:00,25.889999389648438,25.889999389648438,25.760000228881836,25.770000457763672,24053,0.0,0.0
2023-09-12 14:30:00-04:00,25.790000915527344,25.790000915527344,25.56999969482422,25.572799682617188,45184,0.0,0.0
2023-09-12 15:30:00-04:00,25.575000762939453,25.65999984741211,25.559999465942383,25.65999984741211,62712,0.0,0.0
2023-09-13 09:30:00-04:00,25.649999618530273,25.851999282836914,25.59000015258789,25.700000762939453,22037,0.0,0.0
2023-09-13 10:30:00-04:00,25.719600677490234,25.81999969482422,25.645000457763672,25.780000686645508,17034,0.0,0.0
2023-09-13 11:30:00-04:00,25.770000457763672,25.829999923706055,25.75,25.799999237060547,15498,0.0,0.0
2023-09-13 12:30:00-04:00,25.790000915527344,25.799999237060547,25.719999313354492,25.764999389648438,18561,0.0,0.0
2023-09-13 13:30:00-04:00,25.760000228881836,25.799999237060547,25.729999542236328,25.780000686645508,20881,0.0,0.0
2023-09-13 14:30:00-04:00,25.770000457763672,25.774900436401367,25.65999984741211,25.65999984741211,22926,0.0,0.0
2023-09-13 15:30:00-04:00,25.65999984741211,25.674999237060547,25.540000915527344,25.584999084472656,47463,0.0,0.0
2023-09-14 09:30:00-04:00,25.610000610351562,25.709999084472656,25.610000610351562,25.625499725341797,16064,0.0,0.0
2023-09-14 10:30:00-04:00,25.6200008392334,25.6200008392334,25.540000915527344,25.549999237060547,19119,0.0,0.0
2023-09-14 11:30:00-04:00,25.54990005493164,25.670000076293945,25.545499801635742,25.670000076293945,19117,0.0,0.0
2023-09-14 12:30:00-04:00,25.65999984741211,25.70240020751953,25.639999389648438,25.665000915527344,14002,0.0,0.0
2023-09-14 13:30:00-04:00,25.670000076293945,25.729999542236328,25.665000915527344,25.729999542236328,14600,0.0,0.0
2023-09-14 14:30:00-04:00,25.719999313354492,25.760000228881836,25.670000076293945,25.760000228881836,31658,0.0,0.0
2023-09-14 15:30:00-04:00,25.760000228881836,25.809999465942383,25.739999771118164,25.770000457763672,59254,0.0,0.0
2023-09-15 09:30:00-04:00,25.81999969482422,26.030000686645508,25.81999969482422,25.899999618530273,33115,0.0,0.0
2023-09-15 10:30:00-04:00,25.889999389648438,25.90999984741211,25.790000915527344,25.850000381469727,21617,0.0,0.0
2023-09-15 11:30:00-04:00,25.854999542236328,25.90999984741211,25.770000457763672,25.770000457763672,26715,0.0,0.0
2023-09-15 12:30:00-04:00,25.770000457763672,25.819900512695312,25.649999618530273,25.729999542236328,25652,0.0,0.0
2023-09-15 13:30:00-04:00,25.729999542236328,25.815000534057617,25.71500015258789,25.770000457763672,26077,0.0,0.0
2023-09-15 14:30:00-04:00,25.760000228881836,25.774999618530273,25.59000015258789,25.600000381469727,34622,0.0,0.0
2023-09-15 15:30:00-04:00,25.600000381469727,25.780000686645508,25.530000686645508,25.729999542236328,100641,0.0,0.0
2023-09-18 09:30:00-04:00,25.780000686645508,25.989999771118164,25.729999542236328,25.969999313354492,26713,0.0,0.0
2023-09-18 10:30:00-04:00,25.969999313354492,25.989999771118164,25.850000381469727,25.860000610351562,19176,0.0,0.0
2023-09-18 11:30:00-04:00,25.8700008392334,26.06999969482422,25.8700008392334,26.059999465942383,17634,0.0,0.0
2023-09-18 12:30:00-04:00,26.06999969482422,26.1200008392334,26.040000915527344,26.09000015258789,27683,0.0,0.0
2023-09-18 13:30:00-04:00,26.09000015258789,26.1200008392334,25.960100173950195,25.960100173950195,31677,0.0,0.0
2023-09-18 14:30:00-04:00,25.979999542236328,26.020000457763672,25.90999984741211,25.950000762939453,28942,0.0,0.0
2023-09-18 15:30:00-04:00,25.93000030517578,25.979999542236328,25.8700008392334,25.950000762939453,50777,0.0,0.0
2023-09-19 09:30:00-04:00,25.770000457763672,25.829999923706055,25.59000015258789,25.68000030517578,32077,0.0,0.0
2023-09-19 10:30:00-04:00,25.68000030517578,25.829999923706055,25.649999618530273,25.829999923706055,18626,0.0,0.0
2023-09-19 11:30:00-04:00,25.84000015258789,25.920000076293945,25.815000534057617,25.850000381469727,23461,0.0,0.0
2023-09-19 12:30:00-04:00,25.825000762939453,25.839799880981445,25.7450008392334,25.839799880981445,16395,0.0,0.0
2023-09-19 13:30:00-04:00,25.836999893188477,25.905000686645508,25.81999969482422,25.905000686645508,16292,0.0,0.0
2023-09-19 14:30:00-04:00,25.899999618530273,25.979999542236328,25.899999618530273,25.90999984741211,25461,0.0,0.0
2023-09-19 15:30:00-04:00,25.90999984741211,25.920000076293945,25.84000015258789,25.84000015258789,35037,0.0,0.0
2023-09-20 09:30:00-04:00,25.90999984741211,26.020000457763672,25.84000015258789,25.950000762939453,15390,0.0,0.0
2023-09-20 10:30:00-04:00,25.975000381469727,25.979999542236328,25.896900177001953,25.90999984741211,15168,0.0,0.0
2023-09-20 11:30:00-04:00,25.889999389648438,25.940000534057617,25.885000228881836,25.90999984741211,25074,0.0,0.0
2023-09-20 12:30:00-04:00,25.916799545288086,25.920000076293945,25.81999969482422,25.84000015258789,24211,0.0,0.0
2023-09-20 13:30:00-04:00,25.850000381469727,26.100000381469727,25.850000381469727,26.09000015258789,37853,0.0,0.0
2023-09-20 14:30:00-04:00,26.100000381469727,26.1299991607666,26.049999237060547,26.049999237060547,26387,0.0,0.0
2023-09-20 15:30:00-04:00,26.049999237060547,26.110000610351562,26.0,26.110000610351562,81733,0.0,0.0
2023-09-21 09:30:00-04:00,26.100000381469727,26.100000381469727,25.950000762939453,26.014999389648438,18697,0.0,0.0
2023-09-21 10:30:00-04:00,26.0,26.1200008392334,25.9950008392334,26.09000015258789,16477,0.0,0.0
2023-09-21 11:30:00-04:00,26.09000015258789,26.18000030517578,26.079999923706055,26.100000381469727,12782,0.0,0.0
2023-09-21 12:30:00-04:00,26.09000015258789,26.100000381469727,26.049999237060547,26.094999313354492,10441,0.0,0.0
2023-09-21 13:30:00-04:00,26.094999313354492,26.110000610351562,26.059999465942383,26.059999465942383,11479,0.0,0.0
2023-09-21 14:30:00-04:00,26.05500030517578,26.059999465942383,25.979999542236328,26.010000228881836,27191,0.0,0.0
2023-09-21 15:30:00-04:00,26.0049991607666,26.020000457763672,25.969999313354492,26.0,45501,0.0,0.0
2023-09-22 09:30:00-04:00,26.0,26.12619972229004,26.0,26.06999969482422,9215,0.0,0.0
2023-09-22 10:30:00-04:00,26.06999969482422,26.280000686645508,26.040000915527344,26.280000686645508,27773,0.0,0.0
2023-09-22 11:30:00-04:00,26.280000686645508,26.344999313354492,26.280000686645508,26.34000015258789,35338,0.0,0.0
2023-09-22 12:30:00-04:00,26.34000015258789,26.360000610351562,26.270000457763672,26.270000457763672,17451,0.0,0.0
2023-09-22 13:30:00-04:00,26.28499984741211,26.28499984741211,26.09000015258789,26.170000076293945,24800,0.0,0.0
2023-09-22 14:30:00-04:00,26.18000030517578,26.209999084472656,26.114999771118164,26.1200008392334,27392,0.0,0.0
2023-09-22 15:30:00-04:00,26.1200008392334,26.1200008392334,26.040000915527344,26.100000381469727,52390,0.0,0.0
2023-09-25 09:30:00-04:00,25.950000762939453,26.040000915527344,25.848499298095703,25.979999542236328,18385,0.0,0.0
2023-09-25 10:30:00-04:00,25.959999084472656,26.059999465942383,25.950000762939453,26.030000686645508,21556,0.0,0.0
2023-09-25 11:30:00-04:00,26.020999908447266,26.030000686645508,25.90999984741211,25.940399169921875,14624,0.0,0.0
2023-09-25 12:30:00-04:00,25.950000762939453,26.030000686645508,25.94499969482422,26.0,29941,0.0,0.0
2023-09-25 13:30:00-04:00,25.989999771118164,26.030000686645508,25.81999969482422,25.934999465942383,26584,0.0,0.0
2023-09-25 14:30:00-04:00,25.940000534057617,25.979999542236328,25.8799991607666,25.899999618530273,23105,0.0,0.0
2023-09-25 15:30:00-04:00,25.93000030517578,26.0,25.920000076293945,25.959999084472656,63657,0.0,0.0
2023-09-26 09:30:00-04:00,25.950000762939453,26.06999969482422,25.90999984741211,26.040000915527344,18501,0.0,0.0
2023-09-26 10:30:00-04:00,26.030000686645508,26.229999542236328,25.969999313354492,26.190000534057617,28266,0.0,0.0
2023-09-26 11:30:00-04:00,26.190000534057617,26.260000228881836,26.170000076293945,26.170000076293945,21710,0.0,0.0
2023-09-26 12:30:00-04:00,26.170000076293945,26.184999465942383,26.03499984741211,26.065000534057617,24588,0.0,0.0
2023-09-26 13:30:00-04:00,26.059999465942383,26.079999923706055,25.989999771118164,26.020000457763672,27652,0.0,0.0
2023-09-26 14:30:00-04:00,26.010000228881836,26.049999237060547,25.989999771118164,26.0,34089,0.0,0.0
2023-09-26 15:30:00-04:00,25.989999771118164,26.040000915527344,25.954999923706055,25.979999542236328,78404,0.0,0.0
2023-09-27 09:30:00-04:00,25.979999542236328,26.084999084472656,25.970199584960938,26.010000228881836,18675,0.0,0.0
2023-09-27 10:30:00-04:00,26.0,26.020000457763672,25.825000762939453,25.829999923706055,14556,0.0,0.0
2023-09-27 11:30:00-04:00,25.834999084472656,25.84000015258789,25.739999771118164,25.84000015258789,18031,0.0,0.0
2023-09-27 12:30:00-04:00,25.860000610351562,25.889999389648438,25.829999923706055,25.84000015258789,19302,0.0,0.0
2023-09-27 13:30:00-04:00,25.84000015258789,25.950000762939453,25.81999969482422,25.950000762939453,21045,0.0,0.0
2023-09-27 14:30:00-04:00,25.959999084472656,26.079999923706055,25.959999084472656,26.040000915527344,25259,0.0,0.0
2023-09-27 15:30:00-04:00,26.03499984741211,26.03499984741211,25.93000030517578,25.940000534057617,60714,0.0,0.0
2023-09-28 09:30:00-04:00,25.959999084472656,26.06999969482422,25.860000610351562,26.040000915527344,16891,0.0,0.0
2023-09-28 10:30:00-04:00,26.030000686645508,26.049999237060547,25.889999389648438,26.040000915527344,23225,0.0,0.0
2023-09-28 11:30:00-04:00,26.040000915527344,26.079999923706055,25.9950008392334,26.059999465942383,29932,0.0,0.0
2023-09-28 12:30:00-04:00,26.059999465942383,26.059999465942383,25.829999923706055,25.829999923706055,17418,0.0,0.0
2023-09-28 13:30:00-04:00,25.809999465942383,25.84000015258789,25.760000228881836,25.81999969482422,22686,0.0,0.0
2023-09-28 14:30:00-04:00,25.809999465942383,25.979999542236328,25.795000076293945,25.969999313354492,33399,0.0,0.0
2023-09-28 15:30:00-04:00,25.96500015258789,25.96500015258789,25.829999923706055,25.829999923706055,40385,0.0,0.0
2023-09-29 09:30:00-04:00,25.93000030517578,25.985000610351562,25.84000015258789,25.93000030517578,15002,0.0,0.0
2023-09-29 10:30:00-04:00,25.93899917602539,25.959999084472656,25.905000686645508,25.905000686645508,11835,0.0,0.0
2023-09-29 11:30:00-04:00,25.899999618530273,25.899999618530273,25.780000686645508,25.84000015258789,22220,0.0,0.0
2023-09-29 12:30:00-04:00,25.84000015258789,25.84000015258789,25.65999984741211,25.684999465942383,17202,0.0,0.0
2023-09-29 13:30:00-04:00,25.690000534057617,25.690000534057617,25.59000015258789,25.600000381469727,35246,0.0,0.0
2023-09-29 14:30:00-04:00,25.600000381469727,25.65999984741211,25.600000381469727,25.635000228881836,31540,0.0,0.0
2023-09-29 15:30:00-04:00,25.6299991607666,25.665000915527344,25.59000015258789,25.6299991607666,49352,0.0,0.0
2023-10-02 09:30:00-04:00,25.579999923706055,25.579999923706055,25.5,25.53499984741211,16351,0.0,0.0
2023-10-02 10:30:00-04:00,25.530000686645508,25.65999984741211,25.469999313354492,25.62929916381836,24689,0.0,0.0
2023-10-02 11:30:00-04:00,25.6299991607666,25.6299991607666,25.489999771118164,25.489999771118164,15884,0.0,0.0
2023-10-02 12:30:00-04:00,25.489999771118164,25.5,25.389999389648438,25.450000762939453,14343,0.0,0.0
2023-10-02 13:30:00-04:00,25.450000762939453,25.520000457763672,25.432100296020508,25.469999313354492,19612,0.0,0.0
2023-10-02 14:30:00-04:00,25.469999313354492,25.479999542236328,25.280000686645508,25.290000915527344,51621,0.0,0.0
2023-10-02 15:30:00-04:00,25.299999237060547,25.399999618530273,25.270000457763672,25.280000686645508,83232,0.0,0.0
2023-10-03 09:30:00-04:00,25.719999313354492,26.079999923706055,25.57740020751953,25.75,75602,0.0,0.0
2023-10-03 10:30:00-04:00,25.770000457763672,25.790000915527344,25.6299991607666,25.68000030517578,71641,0.0,0.0
2023-10-03 11:30:00-04:00,25.684999465942383,25.719999313354492,25.614999771118164,25.639999389648438,32864,0.0,0.0
2023-10-03 12:30:00-04:00,25.649999618530273,25.850000381469727,25.639999389648438,25.829999923706055,82467,0.0,0.0
2023-10-03 13:30:00-04:00,25.84000015258789,25.850000381469727,25.68000030517578,25.700000762939453,50720,0.0,0.0
2023-10-03 14:30:00-04:00,25.700000762939453,25.75,25.649999618530273,25.71500015258789,81813,0.0,0.0
2023-10-03 15:30:00-04:00,25.709999084472656,25.709999084472656,25.549999237060547,25.59000015258789,104871,0.0,0.0
2023-10-04 09:30:00-04:00,25.600000381469727,25.93000030517578,25.600000381469727,25.729999542236328,39458,0.0,0.0
2023-10-04 10:30:00-04:00,25.739999771118164,25.739999771118164,25.479999542236328,25.600000381469727,44015,0.0,0.0
2023-10-04 11:30:00-04:00,25.600000381469727,25.65999984741211,25.549999237060547,25.6200008392334,49149,0.0,0.0
2023-10-04 12:30:00-04:00,25.610000610351562,25.649999618530273,25.559999465942383,25.625,43584,0.0,0.0
2023-10-04 13:30:00-04:00,25.6299991607666,25.645000457763672,25.559999465942383,25.56999969482422,24651,0.0,0.0
2023-10-04 14:30:00-04:00,25.56999969482422,25.600000381469727,25.520000457763672,25.590999603271484,49834,0.0,0.0
2023-10-04 15:30:00-04:00,25.600000381469727,25.6299991607666,25.489999771118164,25.510000228881836,101570,0.0,0.0
2023-10-05 09:30:00-04:00,25.43000030517578,25.520000457763672,25.239999771118164,25.25,25712,0.0,0.0
2023-10-05 10:30:00-04:00,25.239999771118164,25.350000381469727,25.229999542236328,25.31999969482422,24697,0.0,0.0
2023-10-05 11:30:00-04:00,25.329999923706055,25.360000610351562,25.219999313354492,25.260000228881836,25519,0.0,0.0
2023-10-05 12:30:00-04:00,25.280000686645508,25.280000686645508,25.18000030517578,25.219999313354492,22985,0.0,0.0
2023-10-05 13:30:00-04:00,25.239999771118164,25.350000381469727,25.219999313354492,25.350000381469727,21782,0.0,0.0
2023-10-05 14:30:00-04:00,25.35700035095215,25.40999984741211,25.350000381469727,25.40999984741211,30898,0.0,0.0
2023-10-05 15:30:00-04:00,25.399999618530273,25.399999618530273,25.27899932861328,25.27899932861328,42752,0.0,0.0
2023-10-06 09:30:00-04:00,25.15999984741211,25.200000762939453,24.920000076293945,25.040000915527344,28946,0.0,0.0
2023-10-06 10:30:00-04:00,25.06999969482422,25.235000610351562,24.969999313354492,25.235000610351562,60032,0.0,0.0
2023-10-06 11:30:00-04:00,25.209999084472656,25.3700008392334,25.209999084472656,25.299999237060547,19496,0.0,0.0
2023-10-06 12:30:00-04:00,25.30900001525879,25.34000015258789,25.260000228881836,25.299999237060547,17689,0.0,0.0
2023-10-06 13:30:00-04:00,25.309999465942383,25.43000030517578,25.280000686645508,25.420000076293945,24139,0.0,0.0
2023-10-06 14:30:00-04:00,25.43000030517578,25.510000228881836,25.334999084472656,25.3799991607666,37488,0.0,0.0
2023-10-06 15:30:00-04:00,25.3799991607666,25.3799991607666,25.25,25.25,44984,0.0,0.0
2023-10-09 09:30:00-04:00,25.170000076293945,25.280000686645508,24.8799991607666,24.90999984741211,25383,0.0,0.0
2023-10-09 10:30:00-04:00,24.905000686645508,25.1200008392334,24.899999618530273,25.06999969482422,27500,0.0,0.0
2023-10-09 11:30:00-04:00,25.100000381469727,25.190000534057617,25.049999237060547,25.18000030517578,14262,0.0,0.0
2023-10-09 12:30:00-04:00,25.170000076293945,25.239999771118164,25.16819953918457,25.219999313354492,28284,0.0,0.0
2023-10-09 13:30:00-04:00,25.229999542236328,25.399999618530273,25.229999542236328,25.350000381469727,29405,0.0,0.0
2023-10-09 14:30:00-04:00,25.354999542236328,25.415000915527344,25.31999969482422,25.3799991607666,36715,0.0,0.0
2023-10-09 15:30:00-04:00,25.375,25.40999984741211,25.360000610351562,25.389999389648438,35435,0.0,0.0
2023-10-10 09:30:00-04:00,25.420000076293945,25.600000381469727,25.41200065612793,25.510000228881836,21827,0.0,0.0
2023-10-10 10:30:00-04:00,25.489999771118164,25.709999084472656,25.479999542236328,25.704999923706055,28406,0.0,0.0
2023-10-10 11:30:00-04:00,25.704999923706055,25.80500030517578,25.625,25.770000457763672,29300,0.0,0.0
2023-10-10 12:30:00-04:00,25.760000228881836,25.777999877929688,25.645000457763672,25.655000686645508,16843,0.0,0.0
2023-10-10 13:30:00-04:00,25.655000686645508,25.690000534057617,25.594999313354492,25.65999984741211,24022,0.0,0.0
2023-10-10 14:30:00-04:00,25.65999984741211,25.670000076293945,25.55500030517578,25.55500030517578,35556,0.0,0.0
2023-10-10 15:30:00-04:00,25.549999237060547,25.56999969482422,25.520000457763672,25.540000915527344,38379,0.0,0.0
2023-10-11 09:30:00-04:00,25.489999771118164,25.73900032043457,25.209999084472656,25.280000686645508,28519,0.0,0.0
2023-10-11 10:30:00-04:00,25.315000534057617,25.3700008392334,25.209999084472656,25.229799270629883,22651,0.0,0.0
2023-10-11 11:30:00-04:00,25.25,25.270000457763672,25.18000030517578,25.18000030517578,18386,0.0,0.0
2023-10-11 12:30:00-04:00,25.15999984741211,25.25,25.149999618530273,25.239999771118164,19401,0.0,0.0
2023-10-11 13:30:00-04:00,25.229999542236328,25.239999771118164,25.15999984741211,25.225000381469727,19475,0.0,0.0
2023-10-11 14:30:00-04:00,25.219999313354492,25.290000915527344,25.200000762939453,25.25,28083,0.0,0.0
2023-10-11 15:30:00-04:00,25.239999771118164,25.264999389648438,25.209999084472656,25.219999313354492,43005,0.0,0.0
2023-10-12 09:30:00-04:00,25.190000534057617,25.190000534057617,24.799999237060547,24.93000030517578,22422,0.0,0.0
2023-10-12 10:30:00-04:00,24.950000762939453,24.959999084472656,24.829999923706055,24.8799991607666,28269,0.0,0.0
2023-10-12 11:30:00-04:00,24.8799991607666,25.149999618530273,24.854999542236328,25.07200050354004,41088,0.0,0.0
2023-10-12 12:30:00-04:00,25.104999542236328,25.104999542236328,24.992000579833984,25.030000686645508,23917,0.0,0.0
2023-10-12 13:30:00-04:00,25.03820037841797,25.040000915527344,24.989999771118164,25.03499984741211,22966,0.0,0.0
2023-10-12 14:30:00-04:00,25.03420066833496,25.149999618530273,25.0,25.09000015258789,69895,0.0,0.0
2023-10-12 15:30:00-04:00,25.079999923706055,25.18000030517578,25.079999923706055,25.100000381469727,59377,0.0,0.0
2023-10-13 09:30:00-04:00,25.110000610351562,25.3799991607666,25.065000534057617,25.290000915527344,16643,0.0,0.0
2023-10-13 10:30:00-04:00,25.31999969482422,25.329999923706055,25.229999542236328,25.260000228881836,19356,0.0,0.0
2023-10-13 11:30:00-04:00,25.2549991607666,25.334999084472656,25.239999771118164,25.31999969482422,32363,0.0,0.0
2023-10-13 12:30:00-04:00,25.34000015258789,25.3799991607666,25.200000762939453,25.290000915527344,21996,0.0,0.0
2023-10-13 13:30:00-04:00,25.301599502563477,25.440000534057617,25.299999237060547,25.395000457763672,20307,0.0,0.0
2023-10-13 14:30:00-04:00,25.3799991607666,25.3799991607666,25.295000076293945,25.299999237060547,27218,0.0,0.0
2023-10-13 15:30:00-04:00,25.30500030517578,25.329999923706055,25.239999771118164,25.25,46568,0.0,0.0
2023-10-16 09:30:00-04:00,25.270000457763672,25.510000228881836,25.270000457763672,25.510000228881836,15184,0.0,0.0
2023-10-16 10:30:00-04:00,25.520000457763672,25.690000534057617,25.510000228881836,25.59000015258789,23455,0.0,0.0
2023-10-16 11:30:00-04:00,25.59000015258789,25.780000686645508,25.59000015258789,25.709999084472656,32941,0.0,0.0
2023-10-16 12:30:00-04:00,25.709999084472656,25.84000015258789,25.69499969482422,25.825000762939453,31112,0.0,0.0
2023-10-16 13:30:00-04:00,25.825000762939453,25.829999923706055,25.71500015258789,25.719999313354492,34972,0.0,0.0
2023-10-16 14:30:00-04:00,25.725000381469727,25.799999237060547,25.725000381469727,25.760000228881836,34630,0.0,0.0
2023-10-16 15:30:00-04:00,25.770000457763672,25.799999237060547,25.729999542236328,25.770000457763672,51460,0.0,0.0
2023-10-17 09:30:00-04:00,25.6200008392334,25.950000762939453,25.559999465942383,25.920000076293945,33835,0.0,0.0
2023-10-17 10:30:00-04:00,25.899999618530273,26.06999969482422,25.899999618530273,26.0,28031,0.0,0.0
2023-10-17 11:30:00-04:00,26.010000228881836,26.065000534057617,25.959999084472656,25.969999313354492,23276,0.0,0.0
2023-10-17 12:30:00-04:00,25.964399337768555,25.964399337768555,25.809999465942383,25.8700008392334,20511,0.0,0.0
2023-10-17 13:30:00-04:00,25.889999389648438,25.889999389648438,25.75,25.790000915527344,26629,0.0,0.0
2023-10-17 14:30:00-04:00,25.799999237060547,25.809999465942383,25.65999984741211,25.684999465942383,51181,0.0,0.0
2023-10-17 15:30:00-04:00,25.697999954223633,25.700000762939453,25.6200008392334,25.6299991607666,75941,0.0,0.0
2023-10-18 09:30:00-04:00,25.649999618530273,25.8700008392334,25.579999923706055,25.790000915527344,25124,0.0,0.0
2023-10-18 10:30:00-04:00,25.81999969482422,25.81999969482422,25.665000915527344,25.690000534057617,12388,0.0,0.0
2023-10-18 11:30:00-04:00,25.690000534057617,25.790000915527344,25.610000610351562,25.729999542236328,38350,0.0,0.0
2023-10-18 12:30:00-04:00,25.729999542236328,25.81999969482422,25.729999542236328,25.790000915527344,20209,0.0,0.0
2023-10-18 13:30:00-04:00,25.780000686645508,25.889999389648438,25.75,25.829999923706055,14247,0.0,0.0
2023-10-18 14:30:00-04:00,25.84000015258789,25.84000015258789,25.75,25.81999969482422,28624,0.0,0.0
2023-10-18 15:30:00-04:00,25.809999465942383,25.809999465942383,25.739999771118164,25.75,36311,0.0,0.0
2023-10-19 09:30:00-04:00,25.75,25.889999389648438,25.649999618530273,25.812000274658203,27043,0.0,0.0
2023-10-19 10:30:00-04:00,25.799999237060547,25.84000015258789,25.739999771118164,25.809999465942383,11623,0.0,0.0
2023-10-19 11:30:00-04:00,25.790000915527344,25.899999618530273,25.747499465942383,25.75,19541,0.0,0.0
2023-10-19 12:30:00-04:00,25.75,25.895000457763672,25.729999542236328,25.8799991607666,23023,0.0,0.0
2023-10-19 13:30:00-04:00,25.8700008392334,25.8700008392334,25.739999771118164,25.760000228881836,23072,0.0,0.0
2023-10-19 14:30:00-04:00,25.729999542236328,25.799999237060547,25.729999542236328,25.760000228881836,56682,0.0,0.0
2023-10-19 15:30:00-04:00,25.770000457763672,25.790000915527344,25.739999771118164,25.760000228881836,56684,0.0,0.0
2023-10-20 09:30:00-04:00,25.899999618530273,25.989999771118164,25.75,25.760000228881836,28240,0.0,0.0
2023-10-20 10:30:00-04:00,25.75,25.899999618530273,25.739999771118164,25.809999465942383,22809,0.0,0.0
2023-10-20 11:30:00-04:00,25.768199920654297,25.802000045776367,25.6200008392334,25.719999313354492,182111,0.0,0.0
2023-10-20 12:30:00-04:00,25.729999542236328,25.860000610351562,25.690000534057617,25.850000381469727,42106,0.0,0.0
2023-10-20 13:30:00-04:00,25.850000381469727,25.899999618530273,25.69499969482422,25.700000762939453,30989,0.0,0.0
2023-10-20 14:30:00-04:00,25.700000762939453,25.790000915527344,25.68000030517578,25.729999542236328,38039,0.0,0.0
2023-10-20 15:30:00-04:00,25.709999084472656,25.709999084472656,25.604999542236328,25.639999389648438,63984,0.0,0.0
2023-10-23 09:30:00-04:00,25.530000686645508,25.690000534057617,25.31999969482422,25.639999389648438,20256,0.0,0.0
2023-10-23 10:30:00-04:00,25.625,25.729999542236328,25.625,25.68000030517578,11255,0.0,0.0
2023-10-23 11:30:00-04:00,25.68000030517578,25.68000030517578,25.485000610351562,25.559999465942383,30967,0.0,0.0
2023-10-23 12:30:00-04:00,25.549999237060547,25.559999465942383,25.450000762939453,25.5,42121,0.0,0.0
2023-10-23 13:30:00-04:00,25.5,25.559999465942383,25.399999618530273,25.46980094909668,28159,0.0,0.0
2023-10-23 14:30:00-04:00,25.459999084472656,25.510000228881836,25.299999237060547,25.299999237060547,43220,0.0,0.0
2023-10-23 15:30:00-04:00,25.290000915527344,25.34000015258789,25.270000457763672,25.34000015258789,64024,0.0,0.0
2023-10-24 09:30:00-04:00,25.360000610351562,25.450000762939453,25.280000686645508,25.329999923706055,24685,0.0,0.0
2023-10-24 10:30:00-04:00,25.350000381469727,25.420000076293945,25.299999237060547,25.3700008392334,25347,0.0,0.0
2023-10-24 11:30:00-04:00,25.3799991607666,25.3799991607666,25.260000228881836,25.329999923706055,24172,0.0,0.0
2023-10-24 12:30:00-04:00,25.325000762939453,25.34000015258789,25.25,25.260000228881836,24845,0.0,0.0
2023-10-24 13:30:00-04:00,25.25040054321289,25.31999969482422,25.219999313354492,25.31999969482422,18698,0.0,0.0
2023-10-24 14:30:00-04:00,25.299999237060547,25.3700008392334,25.299999237060547,25.360000610351562,21587,0.0,0.0
2023-10-24 15:30:00-04:00,25.3700008392334,25.3700008392334,25.260000228881836,25.309999465942383,52024,0.0,0.0
2023-10-25 09:30:00-04:00,25.25,25.59000015258789,25.25,25.302499771118164,7847,0.0,0.0
2023-10-25 10:30:00-04:00,25.299999237060547,25.5,25.299999237060547,25.459999084472656,55479,0.0,0.0
2023-10-25 11:30:00-04:00,25.469999313354492,25.510000228881836,25.389999389648438,25.450000762939453,66842,0.0,0.0
2023-10-25 12:30:00-04:00,25.450000762939453,25.489999771118164,25.270000457763672,25.299999237060547,43547,0.0,0.0
2023-10-25 13:30:00-04:00,25.290000915527344,25.350000381469727,25.260000228881836,25.299999237060547,44504,0.0,0.0
2023-10-25 14:30:00-04:00,25.290000915527344,25.299999237060547,25.190000534057617,25.2450008392334,85083,0.0,0.0
2023-10-25 15:30:00-04:00,25.239999771118164,25.299999237060547,25.200000762939453,25.280000686645508,73631,0.0,0.0
2023-10-26 09:30:00-04:00,25.219999313354492,25.469999313354492,25.114999771118164,25.34000015258789,37019,0.0,0.0
2023-10-26 10:30:00-04:00,25.34000015258789,25.450000762939453,25.239999771118164,25.420000076293945,37324,0.0,0.0
2023-10-26 11:30:00-04:00,25.3799991607666,25.450000762939453,25.31999969482422,25.399999618530273,51083,0.0,0.0
2023-10-26 12:30:00-04:00,25.399999618530273,25.530000686645508,25.375,25.479999542236328,29529,0.0,0.0
2023-10-26 13:30:00-04:00,25.469999313354492,25.469999313354492,25.229999542236328,25.270000457763672,68079,0.0,0.0
2023-10-26 14:30:00-04:00,25.270000457763672,25.360000610351562,25.200000762939453,25.25,130092,0.0,0.0
2023-10-26 15:30:00-04:00,25.25,25.31999969482422,25.239999771118164,25.31999969482422,76039,0.0,0.0
2023-10-27 09:30:00-04:00,25.350000381469727,25.459999084472656,25.139999389648438,25.229999542236328,20492,0.0,0.0
2023-10-27 10:30:00-04:00,25.22599983215332,25.389999389648438,25.059999465942383,25.079999923706055,33806,0.0,0.0
2023-10-27 11:30:00-04:00,25.09000015258789,25.139999389648438,24.969999313354492,24.969999313354492,29720,0.0,0.0
2023-10-27 12:30:00-04:00,24.969999313354492,25.030000686645508,24.920000076293945,24.93000030517578,31943,0.0,0.0
2023-10-27 13:30:00-04:00,24.93000030517578,24.95989990234375,24.8700008392334,24.899999618530273,29107,0.0,0.0
2023-10-27 14:30:00-04:00,24.889999389648438,24.950000762939453,24.850000381469727,24.885000228881836,41614,0.0,0.0
2023-10-27 15:30:00-04:00,24.885000228881836,24.979999542236328,24.8700008392334,24.969999313354492,75606,0.0,0.0
2023-10-30 09:30:00-04:00,25.110000610351562,25.3700008392334,25.06999969482422,25.155000686645508,29418,0.0,0.0
2023-10-30 10:30:00-04:00,25.155000686645508,25.239999771118164,25.1299991607666,25.15999984741211,27467,0.0,0.0
2023-10-30 11:30:00-04:00,25.15999984741211,25.239999771118164,25.15999984741211,25.209999084472656,20775,0.0,0.0
2023-10-30 12:30:00-04:00,25.209999084472656,25.25,25.200000762939453,25.25,17813,0.0,0.0
2023-10-30 13:30:00-04:00,25.239999771118164,25.40999984741211,25.229999542236328,25.402000427246094,33960,0.0,0.0
2023-10-30 14:30:00-04:00,25.399999618530273,25.399999618530273,25.31999969482422,25.329999923706055,34039,0.0,0.0
2023-10-30 15:30:00-04:00,25.31999969482422,25.389999389648438,25.270000457763672,25.389999389648438,48522,0.0,0.0
2023-10-31 09:30:00-04:00,25.43000030517578,25.520000457763672,25.35300064086914,25.44499969482422,19754,0.0,0.0
2023-10-31 10:30:00-04:00,25.450000762939453,25.489999771118164,25.399999618530273,25.459999084472656,18622,0.0,0.0
2023-10-31 11:30:00-04:00,25.46500015258789,25.520000457763672,25.40999984741211,25.5,27733,0.0,0.0
2023-10-31 12:30:00-04:00,25.540000915527344,25.56999969482422,25.5,25.540000915527344,14729,0.0,0.0
2023-10-31 13:30:00-04:00,25.549999237060547,25.575000762939453,25.489999771118164,25.489999771118164,15390,0.0,0.0
2023-10-31 14:30:00-04:00,25.489999771118164,25.5,25.350000381469727,25.350000381469727,32768,0.0,0.0
2023-10-31 15:30:00-04:00,25.326400756835938,25.43000030517578,25.309999465942383,25.43000030517578,41849,0.0,0.0
2023-11-01 09:30:00-04:00,25.459999084472656,25.459999084472656,25.239999771118164,25.354999542236328,0,0.0,0.0
2023-11-01 10:30:00-04:00,25.329999923706055,25.334999084472656,25.15999984741211,25.219999313354492,11043,0.0,0.0
2023-11-01 11:30:00-04:00,25.209999084472656,25.280000686645508,25.197399139404297,25.197399139404297,18139,0.0,0.0
2023-11-01 12:30:00-04:00,25.190000534057617,25.200000762939453,25.104999542236328,25.104999542236328,17363,0.0,0.0
2023-11-01 13:30:00-04:00,25.09000015258789,25.200000762939453,25.079999923706055,25.15999984741211,18999,0.0,0.0
2023-11-01 14:30:00-04:00,25.15999984741211,25.260000228881836,25.1200008392334,25.190000534057617,20278,0.0,0.0
2023-11-01 15:30:00-04:00,25.18000030517578,25.229999542236328,25.170000076293945,25.190000534057617,33664,0.0,0.0
2023-11-02 09:30:00-04:00,25.290000915527344,25.510000228881836,25.290000915527344,25.420000076293945,16869,0.0,0.0
2023-11-02 10:30:00-04:00,25.43000030517578,25.510000228881836,25.43000030517578,25.489999771118164,15499,0.0,0.0
2023-11-02 11:30:00-04:00,25.5,25.530000686645508,25.43000030517578,25.43000030517578,15733,0.0,0.0
2023-11-02 12:30:00-04:00,25.43000030517578,25.559999465942383,25.420000076293945,25.520000457763672,17971,0.0,0.0
2023-11-02 13:30:00-04:00,25.540000915527344,25.600000381469727,25.485000610351562,25.59000015258789,16812,0.0,0.0
2023-11-02 14:30:00-04:00,25.59000015258789,25.59000015258789,25.510000228881836,25.549999237060547,23697,0.0,0.0
2023-11-02 15:30:00-04:00,25.540000915527344,25.59000015258789,25.53499984741211,25.559999465942383,35077,0.0,0.0
2023-11-03 09:30:00-04:00,25.719999313354492,25.8700008392334,25.690000534057617,25.77829933166504,12597,0.0,0.0
2023-11-03 10:30:00-04:00,25.7810001373291,25.899999618530273,25.719999313354492,25.799999237060547,14702,0.0,0.0
2023-11-03 11:30:00-04:00,25.780000686645508,25.8700008392334,25.770000457763672,25.770000457763672,15200,0.0,0.0
2023-11-03 12:30:00-04:00,25.790000915527344,25.80500030517578,25.75,25.75,14256,0.0,0.0
2023-11-03 13:30:00-04:00,25.75,25.790000915527344,25.719999313354492,25.75,12767,0.0,0.0
2023-11-03 14:30:00-04:00,25.729999542236328,25.780000686645508,25.700000762939453,25.729999542236328,28668,0.0,0.0
2023-11-03 15:30:00-04:00,25.729999542236328,25.75,25.649999618530273,25.68000030517578,43714,0.0,0.0
2023-11-06 09:30:00-05:00,25.709999084472656,25.84000015258789,25.639999389648438,25.780000686645508,22788,0.0,0.0
2023-11-06 10:30:00-05:00,25.770000457763672,25.77989959716797,25.700300216674805,25.739999771118164,11037,0.0,0.0
2023-11-06 11:30:00-05:00,25.739999771118164,25.850000381469727,25.735000610351562,25.770000457763672,15761,0.0,0.0
2023-11-06 12:30:00-05:00,25.770000457763672,25.920000076293945,25.770000457763672,25.920000076293945,19605,0.0,0.0
2023-11-06 13:30:00-05:00,25.889999389648438,25.920000076293945,25.790000915527344,25.799999237060547,13513,0.0,0.0
2023-11-06 14:30:00-05:00,25.799999237060547,25.899999618530273,25.799999237060547,25.8700008392334,33902,0.0,0.0
2023-11-06 15:30:00-05:00,25.860000610351562,25.860000610351562,25.760000228881836,25.760000228881836,41430,0.0,0.0
2023-11-07 09:30:00-05:00,25.690000534057617,25.809999465942383,25.68000030517578,25.739999771118164,18286,0.0,0.0
2023-11-07 10:30:00-05:00,25.729999542236328,25.735000610351562,25.6299991607666,25.690000534057617,28872,0.0,0.0
2023-11-07 11:30:00-05:00,25.690000534057617,25.739999771118164,25.639999389648438,25.65999984741211,13073,0.0,0.0
2023-11-07 12:30:00-05:00,25.65999984741211,25.68000030517578,25.610000610351562,25.639999389648438,21853,0.0,0.0
2023-11-07 13:30:00-05:00,25.639999389648438,25.690000534057617,25.600000381469727,25.68000030517578,25916,0.0,0.0
2023-11-07 14:30:00-05:00,25.68000030517578,25.729999542236328,25.670000076293945,25.69499969482422,27436,0.0,0.0
2023-11-07 15:30:00-05:00,25.69499969482422,25.739999771118164,25.690000534057617,25.739999771118164,75271,0.0,0.0
2023-11-08 09:30:00-05:00,26.760000228881836,26.760000228881836,26.049999237060547,26.520000457763672,100563,0.0,0.0
2023-11-08 10:30:00-05:00,26.5,26.604999542236328,26.420000076293945,26.43000030517578,52376,0.0,0.0
2023-11-08 11:30:00-05:00,26.43000030517578,26.530000686645508,26.3799991607666,26.530000686645508,36938,0.0,0.0
2023-11-08 12:30:00-05:00,26.530000686645508,26.549999237060547,26.469999313354492,26.489999771118164,39857,0.0,0.0
2023-11-08 13:30:00-05:00,26.479999542236328,26.489999771118164,26.33769989013672,26.450000762939453,28417,0.0,0.0
2023-11-08 14:30:00-05:00,26.440000534057617,26.709999084472656,26.43000030517578,26.674999237060547,74581,0.0,0.0
2023-11-08 15:30:00-05:00,26.65999984741211,26.790000915527344,26.645000457763672,26.770000457763672,106569,0.0,0.0
2023-11-09 09:30:00-05:00,27.1200008392334,27.372600555419922,27.049999237060547,27.200000762939453,48983,0.0,0.0
2023-11-09 10:30:00-05:00,27.18000030517578,27.229999542236328,27.059999465942383,27.09000015258789,37446,0.0,0.0
2023-11-09 11:30:00-05:00,27.09000015258789,27.129899978637695,26.979999542236328,27.110700607299805,35358,0.0,0.0
2023-11-09 12:30:00-05:00,27.1200008392334,27.25,27.040000915527344,27.09819984436035,43996,0.0,0.0
2023-11-09 13:30:00-05:00,27.079999923706055,27.09000015258789,26.979999542236328,26.979999542236328,29853,0.0,0.0
2023-11-09 14:30:00-05:00,26.989999771118164,27.100000381469727,26.979999542236328,27.059999465942383,38731,0.0,0.0
2023-11-09 15:30:00-05:00,27.059999465942383,27.1299991607666,27.049999237060547,27.06999969482422,68419,0.0,0.0
2023-11-10 09:30:00-05:00,27.15999984741211,27.15999984741211,26.229999542236328,27.0,15889,0.0,0.0
2023-11-10 10:30:00-05:00,26.989999771118164,27.040199279785156,26.94700050354004,27.020000457763672,17788,0.0,0.0
2023-11-10 11:30:00-05:00,27.030000686645508,27.110000610351562,27.020000457763672,27.059999465942383,16527,0.0,0.0
2023-11-10 12:30:00-05:00,27.06999969482422,27.25,27.06999969482422,27.229999542236328,23055,0.0,0.0
2023-11-10 13:30:00-05:00,27.219999313354492,27.25,27.18000030517578,27.18000030517578,22846,0.0,0.0
2023-11-10 14:30:00-05:00,27.190000534057617,27.209999084472656,27.06999969482422,27.100000381469727,29057,0.0,0.0
2023-11-10 15:30:00-05:00,27.110000610351562,27.200000762939453,27.110000610351562,27.139999389648438,51513,0.0,0.0
2023-11-13 09:30:00-05:00,27.040000915527344,27.1299991607666,26.93000030517578,26.93000030517578,17492,0.0,0.0
2023-11-13 10:30:00-05:00,26.93899917602539,27.020000457763672,26.8700008392334,26.940000534057617,20326,0.0,0.0
2023-11-13 11:30:00-05:00,26.959999084472656,27.0,26.889999389648438,26.90999984741211,18024,0.0,0.0
2023-11-13 12:30:00-05:00,26.905000686645508,26.905000686645508,26.739999771118164,26.760000228881836,21041,0.0,0.0
2023-11-13 13:30:00-05:00,26.75,26.770000457763672,26.670000076293945,26.690000534057617,25104,0.0,0.0
2023-11-13 14:30:00-05:00,26.690000534057617,26.7549991607666,26.68000030517578,26.711999893188477,28723,0.0,0.0
2023-11-13 15:30:00-05:00,26.719999313354492,26.729999542236328,26.639999389648438,26.639999389648438,38754,0.0,0.0
2023-11-14 09:30:00-05:00,26.860000610351562,27.030899047851562,26.834999084472656,26.860000610351562,28709,0.0,0.0
2023-11-14 10:30:00-05:00,26.8700008392334,27.03499984741211,26.8700008392334,27.020000457763672,19569,0.0,0.0
2023-11-14 11:30:00-05:00,27.0,27.010000228881836,26.93000030517578,26.940000534057617,16120,0.0,0.0
2023-11-14 12:30:00-05:00,26.940000534057617,26.94499969482422,26.885000228881836,26.920000076293945,14851,0.0,0.0
2023-11-14 13:30:00-05:00,26.920000076293945,27.030000686645508,26.90999984741211,26.969999313354492,24231,0.0,0.0
2023-11-14 14:30:00-05:00,26.959999084472656,27.075000762939453,26.951799392700195,27.018999099731445,27631,0.0,0.0
2023-11-14 15:30:00-05:00,27.020000457763672,27.059999465942383,26.969999313354492,27.05900001525879,59205,0.0,0.0
2023-11-15 09:30:00-05:00,26.920000076293945,26.934499740600586,26.75,26.847000122070312,26324,0.23,0.0
2023-11-15 10:30:00-05:00,26.860000610351562,26.860000610351562,26.68000030517578,26.680999755859375,21177,0.0,0.0
2023-11-15 11:30:00-05:00,26.690000534057617,26.770000457763672,26.639999389648438,26.739999771118164,21306,0.0,0.0
2023-11-15 12:30:00-05:00,26.739999771118164,26.860000610351562,26.725000381469727,26.84000015258789,27259,0.0,0.0
2023-11-15 13:30:00-05:00,26.829999923706055,26.8700008392334,26.799999237060547,26.850000381469727,28020,0.0,0.0
2023-11-15 14:30:00-05:00,26.844999313354492,26.985000610351562,26.84000015258789,26.950000762939453,33577,0.0,0.0
2023-11-15 15:30:00-05:00,26.94499969482422,26.959999084472656,26.809999465942383,26.8700008392334,64136,0.0,0.0
2023-11-16 09:30:00-05:00,27.030000686645508,27.030000686645508,26.780000686645508,26.924999237060547,15534,0.0,0.0
2023-11-16 10:30:00-05:00,26.920000076293945,26.920000076293945,26.829999923706055,26.920000076293945,47706,0.0,0.0
2023-11-16 11:30:00-05:00,26.924999237060547,26.940000534057617,26.78499984741211,26.78499984741211,25405,0.0,0.0
2023-11-16 12:30:00-05:00,26.770999908447266,26.860000610351562,26.739999771118164,26.829999923706055,18197,0.0,0.0
2023-11-16 13:30:00-05:00,26.829999923706055,26.84000015258789,26.780000686645508,26.780000686645508,16623,0.0,0.0
2023-11-16 14:30:00-05:00,26.78499984741211,26.850000381469727,26.739999771118164,26.809999465942383,87403,0.0,0.0
2023-11-16 15:30:00-05:00,26.81999969482422,26.875,26.81999969482422,26.868999481201172,54215,0.0,0.0
2023-11-17 09:30:00-05:00,26.959999084472656,26.959999084472656,26.684999465942383,26.78499984741211,32159,0.0,0.0
2023-11-17 10:30:00-05:00,26.774999618530273,26.815000534057617,26.68000030517578,26.68000030517578,21874,0.0,0.0
2023-11-17 11:30:00-05:00,26.68000030517578,26.780000686645508,26.65999984741211,26.670000076293945,51488,0.0,0.0
2023-11-17 12:30:00-05:00,26.670000076293945,26.75,26.65999984741211,26.739999771118164,20785,0.0,0.0
2023-11-17 13:30:00-05:00,26.739999771118164,26.7450008392334,26.690000534057617,26.729999542236328,18482,0.0,0.0
2023-11-17 14:30:00-05:00,26.729999542236328,26.790000915527344,26.719999313354492,26.739999771118164,34631,0.0,0.0
2023-11-17 15:30:00-05:00,26.729999542236328,26.760000228881836,26.610000610351562,26.610000610351562,74140,0.0,0.0
2023-11-20 09:30:00-05:00,26.729999542236328,26.729999542236328,26.329999923706055,26.40999984741211,49077,0.0,0.0
2023-11-20 10:30:00-05:00,26.420000076293945,26.440000534057617,26.3700008392334,26.40999984741211,19055,0.0,0.0
2023-11-20 11:30:00-05:00,26.40999984741211,26.530000686645508,26.40999984741211,26.450000762939453,19784,0.0,0.0
2023-11-20 12:30:00-05:00,26.424999237060547,26.5049991607666,26.399999618530273,26.426000595092773,17566,0.0,0.0
2023-11-20 13:30:00-05:00,26.43000030517578,26.510000228881836,26.422000885009766,26.5049991607666,24892,0.0,0.0
2023-11-20 14:30:00-05:00,26.5049991607666,26.55500030517578,26.469999313354492,26.549999237060547,26251,0.0,0.0
2023-11-20 15:30:00-05:00,26.55500030517578,26.565000534057617,26.450000762939453,26.450000762939453,44872,0.0,0.0
2023-11-21 09:30:00-05:00,26.389999389648438,26.479999542236328,26.25,26.46500015258789,25429,0.0,0.0
2023-11-21 10:30:00-05:00,26.450000762939453,26.454999923706055,26.31999969482422,26.31999969482422,16790,0.0,0.0
2023-11-21 11:30:00-05:00,26.350000381469727,26.399999618530273,26.34000015258789,26.399999618530273,17610,0.0,0.0
2023-11-21 12:30:00-05:00,26.40999984741211,26.68000030517578,26.399999618530273,26.649999618530273,58821,0.0,0.0
2023-11-21 13:30:00-05:00,26.649999618530273,26.799999237060547,26.600000381469727,26.600000381469727,49444,0.0,0.0
2023-11-21 14:30:00-05:00,26.59000015258789,26.635000228881836,26.559999465942383,26.559999465942383,27308,0.0,0.0
2023-11-21 15:30:00-05:00,26.56999969482422,26.6200008392334,26.559999465942383,26.56999969482422,42490,0.0,0.0
2023-11-22 09:30:00-05:00,26.010000228881836,26.25,25.795000076293945,26.09000015258789,67069,0.0,0.0
2023-11-22 10:30:00-05:00,26.100000381469727,26.100000381469727,25.8799991607666,25.90999984741211,38907,0.0,0.0
2023-11-22 11:30:00-05:00,25.899999618530273,26.0,25.8799991607666,25.895000457763672,23239,0.0,0.0
2023-11-22 12:30:00-05:00,25.889999389648438,25.940000534057617,25.885000228881836,25.889999389648438,24546,0.0,0.0
2023-11-22 13:30:00-05:00,25.895000457763672,25.969999313354492,25.864999771118164,25.920000076293945,29862,0.0,0.0
2023-11-22 14:30:00-05:00,25.93000030517578,25.979999542236328,25.895000457763672,25.969999313354492,52285,0.0,0.0
2023-11-22 15:30:00-05:00,25.969999313354492,26.030000686645508,25.969999313354492,26.010000228881836,88998,0.0,0.0
2023-11-24 09:30:00-05:00,26.200000762939453,26.209999084472656,25.97960090637207,26.149999618530273,26941,0.0,0.0
2023-11-24 10:30:00-05:00,26.150999069213867,26.150999069213867,26.06999969482422,26.100000381469727,16126,0.0,0.0
2023-11-24 11:30:00-05:00,26.110000610351562,26.1299991607666,26.020000457763672,26.030000686645508,24657,0.0,0.0
2023-11-27 09:30:00-05:00,26.229999542236328,26.229999542236328,25.969999313354492,26.030000686645508,44966,0.0,0.0
2023-11-27 10:30:00-05:00,26.045000076293945,26.110000610351562,26.030000686645508,26.100000381469727,19749,0.0,0.0
2023-11-27 11:30:00-05:00,26.105300903320312,26.114999771118164,26.049999237060547,26.096399307250977,24085,0.0,0.0
2023-11-27 12:30:00-05:00,26.100000381469727,26.110000610351562,26.079999923706055,26.100000381469727,20565,0.0,0.0
2023-11-27 13:30:00-05:00,26.100000381469727,26.110000610351562,26.06999969482422,26.079999923706055,19871,0.0,0.0
2023-11-27 14:30:00-05:00,26.079999923706055,26.100000381469727,26.05500030517578,26.0856990814209,38736,0.0,0.0
2023-11-27 15:30:00-05:00,26.089000701904297,26.100000381469727,26.040000915527344,26.040000915527344,50371,0.0,0.0
2023-11-28 09:30:00-05:00,26.030000686645508,26.050199508666992,25.811199188232422,25.940000534057617,34250,0.0,0.0
2023-11-28 10:30:00-05:00,25.940000534057617,26.049999237060547,25.940000534057617,26.024999618530273,13067,0.0,0.0
2023-11-28 11:30:00-05:00,26.020000457763672,26.1200008392334,26.0049991607666,26.02199935913086,18852,0.0,0.0
2023-11-28 12:30:00-05:00,26.040000915527344,26.110000610351562,25.959999084472656,26.110000610351562,14005,0.0,0.0
2023-11-28 13:30:00-05:00,26.09000015258789,26.170000076293945,26.09000015258789,26.149999618530273,28312,0.0,0.0
2023-11-28 14:30:00-05:00,26.149999618530273,26.270000457763672,26.139999389648438,26.270000457763672,39823,0.0,0.0
2023-11-28 15:30:00-05:00,26.260000228881836,26.270000457763672,26.15999984741211,26.219999313354492,57533,0.0,0.0
2023-11-29 09:30:00-05:00,26.149999618530273,26.149999618530273,26.014999389648438,26.030000686645508,23648,0.0,0.0
2023-11-29 10:30:00-05:00,26.030000686645508,26.110000610351562,25.96109962463379,26.100000381469727,25790,0.0,0.0
2023-11-29 11:30:00-05:00,26.100000381469727,26.280000686645508,26.100000381469727,26.280000686645508,27753,0.0,0.0
2023-11-29 12:30:00-05:00,26.280000686645508,26.56999969482422,26.239999771118164,26.450000762939453,136210,0.0,0.0
2023-11-29 13:30:00-05:00,26.440000534057617,26.639999389648438,26.43000030517578,26.530000686645508,71839,0.0,0.0
2023-11-29 14:30:00-05:00,26.510000228881836,26.530000686645508,26.34000015258789,26.350000381469727,30794,0.0,0.0
2023-11-29 15:30:00-05:00,26.340999603271484,26.3799991607666,26.290000915527344,26.360000610351562,59656,0.0,0.0
2023-11-30 09:30:00-05:00,26.450000762939453,26.450000762939453,26.069000244140625,26.3700008392334,17647,0.0,0.0
2023-11-30 10:30:00-05:00,26.389999389648438,26.559999465942383,26.360000610351562,26.399999618530273,26417,0.0,0.0
2023-11-30 11:30:00-05:00,26.389999389648438,26.399999618530273,26.329999923706055,26.350000381469727,18340,0.0,0.0
2023-11-30 12:30:00-05:00,26.34000015258789,26.360000610351562,26.299999237060547,26.30500030517578,29204,0.0,0.0
2023-11-30 13:30:00-05:00,26.290000915527344,26.350000381469727,26.25,26.25,51653,0.0,0.0
2023-11-30 14:30:00-05:00,26.260000228881836,26.260000228881836,26.100000381469727,26.12310028076172,47227,0.0,0.0
2023-11-30 15:30:00-05:00,26.114999771118164,26.239999771118164,26.110000610351562,26.229999542236328,59256,0.0,0.0
2023-12-01 09:30:00-05:00,26.219999313354492,26.489999771118164,26.219999313354492,26.270000457763672,20552,0.0,0.0
2023-12-01 10:30:00-05:00,26.260000228881836,26.329999923706055,26.200000762939453,26.329999923706055,16592,0.0,0.0
2023-12-01 11:30:00-05:00,26.34000015258789,26.56999969482422,26.31999969482422,26.520000457763672,34203,0.0,0.0
2023-12-01 12:30:00-05:00,26.520000457763672,26.600000381469727,26.510000228881836,26.510000228881836,24817,0.0,0.0
2023-12-01 13:30:00-05:00,26.510000228881836,26.575000762939453,26.470500946044922,26.490299224853516,29755,0.0,0.0
2023-12-01 14:30:00-05:00,26.4950008392334,26.5,26.43000030517578,26.479999542236328,28826,0.0,0.0
2023-12-01 15:30:00-05:00,26.485000610351562,26.530000686645508,26.459999084472656,26.459999084472656,54592,0.0,0.0
2023-12-04 09:30:00-05:00,26.469999313354492,26.75,26.469999313354492,26.600000381469727,33762,0.0,0.0
2023-12-04 10:30:00-05:00,26.58799934387207,26.68000030517578,26.579999923706055,26.6200008392334,33504,0.0,0.0
2023-12-04 11:30:00-05:00,26.6200008392334,26.666000366210938,26.579999923706055,26.600000381469727,22050,0.0,0.0
2023-12-04 12:30:00-05:00,26.610000610351562,26.6299991607666,26.579999923706055,26.579999923706055,25383,0.0,0.0
2023-12-04 13:30:00-05:00,26.559999465942383,26.65999984741211,26.530000686645508,26.579999923706055,31467,0.0,0.0
2023-12-04 14:30:00-05:00,26.56999969482422,26.600000381469727,26.510000228881836,26.575000762939453,48455,0.0,0.0
2023-12-04 15:30:00-05:00,26.579999923706055,26.6200008392334,26.520000457763672,26.6200008392334,61944,0.0,0.0
2023-12-05 09:30:00-05:00,26.540000915527344,26.579999923706055,26.25,26.299999237060547,22367,0.0,0.0
2023-12-05 10:30:00-05:00,26.299999237060547,26.475000381469727,26.25,26.459999084472656,25624,0.0,0.0
2023-12-05 11:30:00-05:00,26.489999771118164,26.540000915527344,26.389999389648438,26.420000076293945,26432,0.0,0.0
2023-12-05 12:30:00-05:00,26.40999984741211,26.489999771118164,26.3700008392334,26.389999389648438,28263,0.0,0.0
2023-12-05 13:30:00-05:00,26.399999618530273,26.489999771118164,26.389999389648438,26.459999084472656,36565,0.0,0.0
2023-12-05 14:30:00-05:00,26.459999084472656,26.489999771118164,26.43000030517578,26.44499969482422,33168,0.0,0.0
2023-12-05 15:30:00-05:00,26.450000762939453,26.5,26.389999389648438,26.450000762939453,68096,0.0,0.0
2023-12-06 09:30:00-05:00,26.579999923706055,26.59000015258789,26.485000610351562,26.530000686645508,33282,0.0,0.0
2023-12-06 10:30:00-05:00,26.520000457763672,26.520000457763672,26.459999084472656,26.489999771118164,26913,0.0,0.0
2023-12-06 11:30:00-05:00,26.489999771118164,26.579999923706055,26.479999542236328,26.579999923706055,23952,0.0,0.0
2023-12-06 12:30:00-05:00,26.579999923706055,26.59000015258789,26.440000534057617,26.549999237060547,26629,0.0,0.0
2023-12-06 13:30:00-05:00,26.549800872802734,26.549999237060547,26.450000762939453,26.479999542236328,36680,0.0,0.0
2023-12-06 14:30:00-05:00,26.4950008392334,26.530000686645508,26.479999542236328,26.489999771118164,40947,0.0,0.0
2023-12-06 15:30:00-05:00,26.489999771118164,26.559999465942383,26.479999542236328,26.549999237060547,81571,0.0,0.0
2023-12-07 09:30:00-05:00,26.510000228881836,26.524999618530273,26.389999389648438,26.4950008392334,14455,0.0,0.0
2023-12-07 10:30:00-05:00,26.479999542236328,26.549999237060547,26.469999313354492,26.520000457763672,19741,0.0,0.0
2023-12-07 11:30:00-05:00,26.511699676513672,26.53499984741211,26.459999084472656,26.4778995513916,18995,0.0,0.0
2023-12-07 12:30:00-05:00,26.469999313354492,26.510000228881836,26.450000762939453,26.459999084472656,14770,0.0,0.0
2023-12-07 13:30:00-05:00,26.459999084472656,26.53499984741211,26.459999084472656,26.479999542236328,33996,0.0,0.0
2023-12-07 14:30:00-05:00,26.479999542236328,26.520000457763672,26.420000076293945,26.46500015258789,30206,0.0,0.0
2023-12-07 15:30:00-05:00,26.459999084472656,26.510000228881836,26.43000030517578,26.510000228881836,37674,0.0,0.0
2023-12-08 09:30:00-05:00,26.440000534057617,26.530000686645508,26.389999389648438,26.389999389648438,19817,0.0,0.0
2023-12-08 10:30:00-05:00,26.375,26.389999389648438,26.280000686645508,26.280000686645508,25210,0.0,0.0
2023-12-08 11:30:00-05:00,26.290000915527344,26.329999923706055,26.260000228881836,26.31999969482422,14064,0.0,0.0
2023-12-08 12:30:00-05:00,26.31999969482422,26.31999969482422,26.280000686645508,26.299999237060547,17842,0.0,0.0
2023-12-08 13:30:00-05:00,26.290000915527344,26.30500030517578,26.2450008392334,26.2549991607666,21272,0.0,0.0
2023-12-08 14:30:00-05:00,26.260000228881836,26.290000915527344,26.239999771118164,26.274999618530273,28565,0.0,0.0
2023-12-08 15:30:00-05:00,26.270000457763672,26.290000915527344,26.25,26.270000457763672,44329,0.0,0.0
2023-12-11 09:30:00-05:00,26.15999984741211,26.350000381469727,26.15999984741211,26.280000686645508,28136,0.0,0.0
2023-12-11 10:30:00-05:00,26.279699325561523,26.309999465942383,26.15999984741211,26.295000076293945,30812,0.0,0.0
2023-12-11 11:30:00-05:00,26.29439926147461,26.350000381469727,26.270000457763672,26.290000915527344,28161,0.0,0.0
2023-12-11 12:30:00-05:00,26.280000686645508,26.309999465942383,26.260000228881836,26.299999237060547,23074,0.0,0.0
2023-12-11 13:30:00-05:00,26.299999237060547,26.299999237060547,26.239999771118164,26.260000228881836,19739,0.0,0.0
2023-12-11 14:30:00-05:00,26.25,26.28499984741211,26.239299774169922,26.25,22645,0.0,0.0
2023-12-11 15:30:00-05:00,26.25,26.350000381469727,26.25,26.350000381469727,46768,0.0,0.0
2023-12-12 09:30:00-05:00,26.309999465942383,26.34000015258789,26.229999542236328,26.30500030517578,25188,0.0,0.0
2023-12-12 10:30:00-05:00,26.299999237060547,26.34000015258789,26.28499984741211,26.296899795532227,29433,0.0,0.0
2023-12-12 11:30:00-05:00,26.299999237060547,26.43000030517578,26.270000457763672,26.34000015258789,31274,0.0,0.0
2023-12-12 12:30:00-05:00,26.344999313354492,26.3799991607666,26.31999969482422,26.3700008392334,24724,0.0,0.0
2023-12-12 13:30:00-05:00,26.360000610351562,26.389999389648438,26.350000381469727,26.3700008392334,30031,0.0,0.0
2023-12-12 14:30:00-05:00,26.3799991607666,26.44499969482422,26.3700008392334,26.44499969482422,39559,0.0,0.0
2023-12-12 15:30:00-05:00,26.44499969482422,26.510000228881836,26.43000030517578,26.510000228881836,59847,0.0,0.0
2023-12-13 09:30:00-05:00,26.5,26.71500015258789,26.399999618530273,26.709999084472656,25117,0.0,0.0
2023-12-13 10:30:00-05:00,26.700000762939453,26.780000686645508,26.65999984741211,26.770000457763672,35912,0.0,0.0
2023-12-13 11:30:00-05:00,26.770000457763672,26.822500228881836,26.75,26.760000228881836,25131,0.0,0.0
2023-12-13 12:30:00-05:00,26.770000457763672,26.780000686645508,26.690000534057617,26.735000610351562,21611,0.0,0.0
2023-12-13 13:30:00-05:00,26.735000610351562,26.8799991607666,26.735000610351562,26.864999771118164,25911,0.0,0.0
2023-12-13 14:30:00-05:00,26.864999771118164,27.049999237060547,26.850000381469727,27.020000457763672,59987,0.0,0.0
2023-12-13 15:30:00-05:00,27.010000228881836,27.1200008392334,27.010000228881836,27.079999923706055,78187,0.0,0.0
2023-12-14 09:30:00-05:00,27.1200008392334,27.1200008392334,26.969999313354492,27.110000610351562,40773,0.0,0.0
2023-12-14 10:30:00-05:00,27.1299991607666,27.329999923706055,27.1200008392334,27.15999984741211,37199,0.0,0.0
2023-12-14 11:30:00-05:00,27.149999618530273,27.15999984741211,27.02199935913086,27.049999237060547,40879,0.0,0.0
2023-12-14 12:30:00-05:00,27.059999465942383,27.059999465942383,26.770000457763672,26.770000457763672,41313,0.0,0.0
2023-12-14 13:30:00-05:00,26.770000457763672,26.770000457763672,26.579999923706055,26.588899612426758,33187,0.0,0.0
2023-12-14 14:30:00-05:00,26.579999923706055,26.610000610351562,26.510000228881836,26.594999313354492,44642,0.0,0.0
2023-12-14 15:30:00-05:00,26.600000381469727,26.65999984741211,26.59000015258789,26.6299991607666,53449,0.0,0.0
2023-12-15 09:30:00-05:00,26.559999465942383,26.600000381469727,26.3799991607666,26.459999084472656,58222,0.0,0.0
2023-12-15 10:30:00-05:00,26.450000762939453,26.481000900268555,26.260000228881836,26.290000915527344,48075,0.0,0.0
2023-12-15 11:30:00-05:00,26.299999237060547,26.3799991607666,26.280000686645508,26.3700008392334,29398,0.0,0.0
2023-12-15 12:30:00-05:00,26.364999771118164,26.399999618530273,26.299999237060547,26.315000534057617,42802,0.0,0.0
2023-12-15 13:30:00-05:00,26.315000534057617,26.3799991607666,26.309999465942383,26.360000610351562,30780,0.0,0.0
2023-12-15 14:30:00-05:00,26.3700008392334,26.5,26.3700008392334,26.5,45719,0.0,0.0
2023-12-15 15:30:00-05:00,26.479999542236328,26.530000686645508,26.3799991607666,26.514999389648438,69829,0.0,0.0
2023-12-18 09:30:00-05:00,26.530000686645508,26.65999984741211,26.459999084472656,26.6200008392334,23826,0.0,0.0
2023-12-18 10:30:00-05:00,26.610000610351562,26.641000747680664,26.57200050354004,26.6299991607666,30307,0.0,0.0
2023-12-18 11:30:00-05:00,26.6200008392334,26.649999618530273,26.540000915527344,26.600000381469727,19663,0.0,0.0
2023-12-18 12:30:00-05:00,26.594999313354492,26.600000381469727,26.520000457763672,26.559999465942383,27653,0.0,0.0
2023-12-18 13:30:00-05:00,26.55500030517578,26.559999465942383,26.440000534057617,26.454999923706055,56769,0.0,0.0
2023-12-18 14:30:00-05:00,26.454999923706055,26.459999084472656,26.350000381469727,26.354999542236328,47713,0.0,0.0
2023-12-18 15:30:00-05:00,26.354999542236328,26.3700008392334,26.290000915527344,26.299999237060547,134106,0.0,0.0
2023-12-19 09:30:00-05:00,26.270000457763672,26.646900177001953,26.270000457763672,26.524999618530273,34918,0.0,0.0
2023-12-19 10:30:00-05:00,26.510000228881836,26.56999969482422,26.462499618530273,26.559999465942383,24741,0.0,0.0
2023-12-19 11:30:00-05:00,26.549999237060547,26.549999237060547,26.4950008392334,26.4950008392334,36235,0.0,0.0
2023-12-19 12:30:00-05:00,26.4950008392334,26.540000915527344,26.475000381469727,26.514999389648438,33308,0.0,0.0
2023-12-19 13:30:00-05:00,26.510000228881836,26.604999542236328,26.510000228881836,26.59000015258789,37172,0.0,0.0
2023-12-19 14:30:00-05:00,26.59000015258789,26.600000381469727,26.530000686645508,26.540000915527344,49466,0.0,0.0
2023-12-19 15:30:00-05:00,26.549999237060547,26.68000030517578,26.540000915527344,26.68000030517578,67072,0.0,0.0
2023-12-20 09:30:00-05:00,26.600000381469727,26.649999618530273,26.510000228881836,26.639999389648438,20235,0.0,0.0
2023-12-20 10:30:00-05:00,26.648099899291992,26.684999465942383,26.579999923706055,26.584999084472656,35347,0.0,0.0
2023-12-20 11:30:00-05:00,26.59000015258789,26.68000030517578,26.59000015258789,26.670000076293945,17690,0.0,0.0
2023-12-20 12:30:00-05:00,26.665000915527344,26.809999465942383,26.665000915527344,26.75,25379,0.0,0.0
2023-12-20 13:30:00-05:00,26.739999771118164,26.75,26.666000366210938,26.729999542236328,17965,0.0,0.0
2023-12-20 14:30:00-05:00,26.729999542236328,26.739999771118164,26.55500030517578,26.55500030517578,43277,0.0,0.0
2023-12-20 15:30:00-05:00,26.559999465942383,26.565000534057617,26.459999084472656,26.479999542236328,53593,0.0,0.0
2023-12-21 09:30:00-05:00,26.540000915527344,26.6200008392334,26.540000915527344,26.600000381469727,14656,0.0,0.0
2023-12-21 10:30:00-05:00,26.600000381469727,26.655000686645508,26.520000457763672,26.540000915527344,21183,0.0,0.0
2023-12-21 11:30:00-05:00,26.540000915527344,26.540000915527344,26.450000762939453,26.485000610351562,20267,0.0,0.0
2023-12-21 12:30:00-05:00,26.479999542236328,26.5,26.459999084472656,26.489999771118164,22128,0.0,0.0
2023-12-21 13:30:00-05:00,26.489999771118164,26.55500030517578,26.489999771118164,26.549999237060547,21330,0.0,0.0
2023-12-21 14:30:00-05:00,26.549999237060547,26.65999984741211,26.520999908447266,26.658599853515625,38520,0.0,0.0
2023-12-21 15:30:00-05:00,26.670000076293945,26.799999237060547,26.639999389648438,26.799999237060547,58226,0.0,0.0
2023-12-22 09:30:00-05:00,26.889999389648438,27.049999237060547,26.760000228881836,27.010000228881836,22543,0.0,0.0
2023-12-22 10:30:00-05:00,27.0,27.040000915527344,26.96500015258789,27.01099967956543,21962,0.0,0.0
2023-12-22 11:30:00-05:00,27.010000228881836,27.03499984741211,27.0,27.030000686645508,23193,0.0,0.0
2023-12-22 12:30:00-05:00,27.014999389648438,27.06999969482422,27.010000228881836,27.010000228881836,16292,0.0,0.0
2023-12-22 13:30:00-05:00,27.010000228881836,27.010000228881836,26.864999771118164,26.86840057373047,22741,0.0,0.0
2023-12-22 14:30:00-05:00,26.860000610351562,26.94499969482422,26.840999603271484,26.940000534057617,32937,0.0,0.0
2023-12-22 15:30:00-05:00,26.94499969482422,27.030000686645508,26.905000686645508,27.02899932861328,64104,0.0,0.0
2023-12-26 09:30:00-05:00,27.06999969482422,27.1299991607666,26.989999771118164,27.010000228881836,15591,0.0,0.0
2023-12-26 10:30:00-05:00,27.030000686645508,27.049999237060547,26.989999771118164,27.020000457763672,19824,0.0,0.0
2023-12-26 11:30:00-05:00,27.0,27.010000228881836,26.989999771118164,27.0,21348,0.0,0.0
2023-12-26 12:30:00-05:00,27.0,27.040000915527344,27.0,27.020000457763672,39291,0.0,0.0
2023-12-26 13:30:00-05:00,27.020000457763672,27.030000686645508,27.0,27.020000457763672,15777,0.0,0.0
2023-12-26 14:30:00-05:00,27.010000228881836,27.079999923706055,26.989999771118164,27.059999465942383,54477,0.0,0.0
2023-12-26 15:30:00-05:00,27.049999237060547,27.049999237060547,26.9950008392334,27.030000686645508,63717,0.0,0.0
2023-12-27 09:30:00-05:00,27.049999237060547,27.059999465942383,26.989999771118164,27.030000686645508,16919,0.0,0.0
2023-12-27 10:30:00-05:00,27.030000686645508,27.059999465942383,26.975000381469727,26.985000610351562,16312,0.0,0.0
2023-12-27 11:30:00-05:00,26.985000610351562,27.030000686645508,26.985000610351562,26.9950008392334,31604,0.0,0.0
2023-12-27 12:30:00-05:00,26.989999771118164,27.030000686645508,26.969999313354492,27.014999389648438,20054,0.0,0.0
2023-12-27 13:30:00-05:00,27.014999389648438,27.084999084472656,27.0,27.084999084472656,20684,0.0,0.0
2023-12-27 14:30:00-05:00,27.084999084472656,27.084999084472656,27.024999618530273,27.075000762939453,45555,0.0,0.0
2023-12-27 15:30:00-05:00,27.06999969482422,27.18000030517578,27.059999465942383,27.18000030517578,75645,0.0,0.0
2023-12-28 09:30:00-05:00,27.100000381469727,27.114999771118164,27.040000915527344,27.040000915527344,14942,0.0,0.0
2023-12-28 10:30:00-05:00,27.040000915527344,27.048200607299805,26.969999313354492,26.975000381469727,18358,0.0,0.0
2023-12-28 11:30:00-05:00,26.975000381469727,26.989999771118164,26.889999389648438,26.889999389648438,29896,0.0,0.0
2023-12-28 12:30:00-05:00,26.8799991607666,26.889999389648438,26.809999465942383,26.850000381469727,18514,0.0,0.0
2023-12-28 13:30:00-05:00,26.84000015258789,26.885000228881836,26.829999923706055,26.885000228881836,19428,0.0,0.0
2023-12-28 14:30:00-05:00,26.889999389648438,26.94499969482422,26.860000610351562,26.915000915527344,26347,0.0,0.0
2023-12-28 15:30:00-05:00,26.915000915527344,27.010000228881836,26.915000915527344,26.969999313354492,52967,0.0,0.0
2023-12-29 09:30:00-05:00,26.979999542236328,26.979999542236328,26.889999389648438,26.899999618530273,10540,0.0,0.0
2023-12-29 10:30:00-05:00,26.899999618530273,26.90999984741211,26.790000915527344,26.829999923706055,21131,0.0,0.0
2023-12-29 11:30:00-05:00,26.809999465942383,26.809999465942383,26.719999313354492,26.75,19669,0.0,0.0
2023-12-29 12:30:00-05:00,26.739999771118164,26.75,26.690000534057617,26.690000534057617,12813,0.0,0.0
2023-12-29 13:30:00-05:00,26.690000534057617,26.75,26.690000534057617,26.739999771118164,15464,0.0,0.0
2023-12-29 14:30:00-05:00,26.75,26.809999465942383,26.75,26.804100036621094,24019,0.0,0.0
2023-12-29 15:30:00-05:00,26.80500030517578,26.850000381469727,26.795000076293945,26.84000015258789,40604,0.0,0.0
2024-01-02 09:30:00-05:00,26.719999313354492,27.049999237060547,26.719999313354492,26.989999771118164,21742,0.0,0.0
2024-01-02 10:30:00-05:00,26.979999542236328,27.074499130249023,26.940000534057617,27.059999465942383,57425,0.0,0.0
2024-01-02 11:30:00-05:00,27.049999237060547,27.15999984741211,27.040000915527344,27.1299991607666,25226,0.0,0.0
2024-01-02 12:30:00-05:00,27.135000228881836,27.200000762939453,27.104999542236328,27.1299991607666,22030,0.0,0.0
2024-01-02 13:30:00-05:00,27.1200008392334,27.15999984741211,27.09000015258789,27.11750030517578,23062,0.0,0.0
2024-01-02 14:30:00-05:00,27.1299991607666,27.200000762939453,27.116500854492188,27.170000076293945,35994,0.0,0.0
2024-01-02 15:30:00-05:00,27.15999984741211,27.16900062561035,27.09000015258789,27.139999389648438,63947,0.0,0.0
2024-01-03 09:30:00-05:00,27.149999618530273,27.149999618530273,26.81999969482422,26.915000915527344,76108,0.0,0.0
2024-01-03 10:30:00-05:00,26.924999237060547,27.020000457763672,26.829999923706055,27.0,38250,0.0,0.0
2024-01-03 11:30:00-05:00,27.0,27.059999465942383,26.969999313354492,27.020000457763672,27545,0.0,0.0
2024-01-03 12:30:00-05:00,27.020000457763672,27.05500030517578,26.989999771118164,27.05500030517578,38221,0.0,0.0
2024-01-03 13:30:00-05:00,27.059999465942383,27.079999923706055,27.010000228881836,27.049999237060547,36036,0.0,0.0
2024-01-03 14:30:00-05:00,27.059999465942383,27.06999969482422,26.8700008392334,26.8799991607666,49102,0.0,0.0
2024-01-03 15:30:00-05:00,26.899999618530273,26.940000534057617,26.8700008392334,26.899999618530273,73400,0.0,0.0
2024-01-04 09:30:00-05:00,26.75,26.81999969482422,26.69499969482422,26.780000686645508,42050,0.0,0.0
2024-01-04 10:30:00-05:00,26.770000457763672,26.829999923706055,26.641000747680664,26.809999465942383,62683,0.0,0.0
2024-01-04 11:30:00-05:00,26.809999465942383,26.81999969482422,26.770999908447266,26.81999969482422,32917,0.0,0.0
2024-01-04 12:30:00-05:00,26.81999969482422,26.8799991607666,26.809999465942383,26.829999923706055,37436,0.0,0.0
2024-01-04 13:30:00-05:00,26.829999923706055,26.899999618530273,26.809999465942383,26.85099983215332,47734,0.0,0.0
2024-01-04 14:30:00-05:00,26.854999542236328,26.959999084472656,26.854999542236328,26.920000076293945,72833,0.0,0.0
2024-01-04 15:30:00-05:00,26.93000030517578,27.040000915527344,26.899999618530273,26.899999618530273,100070,0.0,0.0
2024-01-05 09:30:00-05:00,26.829999923706055,26.923999786376953,26.7450008392334,26.809999465942383,29275,0.0,0.0
2024-01-05 10:30:00-05:00,26.80500030517578,26.81999969482422,26.719999313354492,26.75,32037,0.0,0.0
2024-01-05 11:30:00-05:00,26.75,26.799999237060547,26.639999389648438,26.639999389648438,35020,0.0,0.0
2024-01-05 12:30:00-05:00,26.639999389648438,26.639999389648438,26.5,26.559999465942383,26786,0.0,0.0
2024-01-05 13:30:00-05:00,26.579999923706055,26.677799224853516,26.559999465942383,26.6299991607666,28686,0.0,0.0
2024-01-05 14:30:00-05:00,26.6299991607666,26.6299991607666,26.549999237060547,26.56999969482422,53519,0.0,0.0
2024-01-05 15:30:00-05:00,26.584999084472656,26.670000076293945,26.56999969482422,26.655000686645508,69764,0.0,0.0
2024-01-08 09:30:00-05:00,26.579999923706055,26.809999465942383,26.579999923706055,26.690000534057617,34977,0.0,0.0
2024-01-08 10:30:00-05:00,26.69499969482422,26.739999771118164,26.649999618530273,26.684999465942383,27051,0.0,0.0
2024-01-08 11:30:00-05:00,26.684999465942383,26.739999771118164,26.56999969482422,26.56999969482422,25586,0.0,0.0
2024-01-08 12:30:00-05:00,26.579999923706055,26.65999984741211,26.579999923706055,26.600000381469727,24618,0.0,0.0
2024-01-08 13:30:00-05:00,26.610000610351562,26.639999389648438,26.56999969482422,26.6200008392334,27163,0.0,0.0
2024-01-08 14:30:00-05:00,26.625,26.717500686645508,26.625,26.690000534057617,36203,0.0,0.0
2024-01-08 15:30:00-05:00,26.690000534057617,26.81999969482422,26.690000534057617,26.809999465942383,54827,0.0,0.0
2024-01-09 09:30:00-05:00,26.81999969482422,26.850000381469727,26.704999923706055,26.84000015258789,33712,0.0,0.0
2024-01-09 10:30:00-05:00,26.850000381469727,26.950000762939453,26.850000381469727,26.920000076293945,30477,0.0,0.0
2024-01-09 11:30:00-05:00,26.920000076293945,26.989999771118164,26.900100708007812,26.979999542236328,29438,0.0,0.0
2024-01-09 12:30:00-05:00,26.979999542236328,27.049999237060547,26.940000534057617,26.959999084472656,35297,0.0,0.0
2024-01-09 13:30:00-05:00,26.954999923706055,27.059999465942383,26.950000762939453,27.059999465942383,30126,0.0,0.0
2024-01-09 14:30:00-05:00,27.059999465942383,27.170000076293945,27.059999465942383,27.117300033569336,54425,0.0,0.0
2024-01-09 15:30:00-05:00,27.104999542236328,27.260000228881836,27.104999542236328,27.219999313354492,86463,0.0,0.0
2024-01-10 09:30:00-05:00,27.270000457763672,27.424999237060547,27.270000457763672,27.3700008392334,29596,0.0,0.0
2024-01-10 10:30:00-05:00,27.364999771118164,27.3799991607666,27.299999237060547,27.375,36029,0.0,0.0
2024-01-10 11:30:00-05:00,27.3700008392334,27.399999618530273,27.354999542236328,27.375,24524,0.0,0.0
2024-01-10 12:30:00-05:00,27.375,27.3799991607666,27.21500015258789,27.239999771118164,40858,0.0,0.0
2024-01-10 13:30:00-05:00,27.239999771118164,27.239999771118164,27.1200008392334,27.139999389648438,21794,0.0,0.0
2024-01-10 14:30:00-05:00,27.145000457763672,27.18000030517578,27.079999923706055,27.09000015258789,38666,0.0,0.0
2024-01-10 15:30:00-05:00,27.09000015258789,27.1299991607666,27.049999237060547,27.049999237060547,87207,0.0,0.0
2024-01-11 09:30:00-05:00,27.1200008392334,27.139999389648438,26.895000457763672,27.059999465942383,21662,0.0,0.0
2024-01-11 10:30:00-05:00,27.065000534057617,27.079999923706055,26.989999771118164,27.030000686645508,26944,0.0,0.0
2024-01-11 11:30:00-05:00,27.020000457763672,27.100000381469727,27.014999389648438,27.059999465942383,35855,0.0,0.0
2024-01-11 12:30:00-05:00,27.065000534057617,27.184999465942383,27.040000915527344,27.149999618530273,23011,0.0,0.0
2024-01-11 13:30:00-05:00,27.139999389648438,27.246200561523438,27.139999389648438,27.246200561523438,34811,0.0,0.0
2024-01-11 14:30:00-05:00,27.239999771118164,27.299999237060547,27.239999771118164,27.260000228881836,36079,0.0,0.0
2024-01-11 15:30:00-05:00,27.260000228881836,27.329999923706055,27.239999771118164,27.239999771118164,102565,0.0,0.0
2024-01-12 09:30:00-05:00,27.5,27.629899978637695,27.34000015258789,27.364999771118164,23738,0.0,0.0
2024-01-12 10:30:00-05:00,27.364999771118164,27.389999389648438,27.309999465942383,27.315000534057617,16869,0.0,0.0
2024-01-12 11:30:00-05:00,27.309999465942383,27.319299697875977,27.25,27.299999237060547,14668,0.0,0.0
2024-01-12 12:30:00-05:00,27.309999465942383,27.360000610351562,27.290000915527344,27.341400146484375,10818,0.0,0.0
2024-01-12 13:30:00-05:00,27.34000015258789,27.344999313354492,27.31999969482422,27.31999969482422,13895,0.0,0.0
2024-01-12 14:30:00-05:00,27.31999969482422,27.31999969482422,27.270000457763672,27.295000076293945,23719,0.0,0.0
2024-01-12 15:30:00-05:00,27.295000076293945,27.31999969482422,27.25,27.290000915527344,65858,0.0,0.0
2024-01-16 09:30:00-05:00,27.290000915527344,27.30500030517578,27.190000534057617,27.219999313354492,27762,0.0,0.0
2024-01-16 10:30:00-05:00,27.229999542236328,27.260000228881836,27.200000762939453,27.239999771118164,19960,0.0,0.0
2024-01-16 11:30:00-05:00,27.235000610351562,27.2450008392334,27.100000381469727,27.100000381469727,15399,0.0,0.0
2024-01-16 12:30:00-05:00,27.09000015258789,27.110000610351562,27.079999923706055,27.09000015258789,13172,0.0,0.0
2024-01-16 13:30:00-05:00,27.09000015258789,27.094999313354492,27.010000228881836,27.040000915527344,18069,0.0,0.0
2024-01-16 14:30:00-05:00,27.030000686645508,27.05500030517578,27.0,27.010000228881836,28289,0.0,0.0
2024-01-16 15:30:00-05:00,27.010000228881836,27.170000076293945,27.010000228881836,27.09000015258789,52659,0.0,0.0
2024-01-17 09:30:00-05:00,27.010000228881836,27.270000457763672,26.950000762939453,27.15999984741211,21591,0.0,0.0
2024-01-17 10:30:00-05:00,27.190000534057617,27.309999465942383,27.190000534057617,27.270000457763672,31614,0.0,0.0
2024-01-17 11:30:00-05:00,27.260000228881836,27.290000915527344,27.239999771118164,27.260000228881836,14232,0.0,0.0
2024-01-17 12:30:00-05:00,27.251399993896484,27.270000457763672,27.200000762939453,27.200000762939453,20629,0.0,0.0
2024-01-17 13:30:00-05:00,27.19499969482422,27.280000686645508,27.190000534057617,27.280000686645508,23388,0.0,0.0
2024-01-17 14:30:00-05:00,27.290000915527344,27.309999465942383,27.28499984741211,27.295000076293945,24269,0.0,0.0
2024-01-17 15:30:00-05:00,27.295000076293945,27.309999465942383,27.219999313354492,27.219999313354492,52749,0.0,0.0
2024-01-18 09:30:00-05:00,27.190000534057617,27.219999313354492,27.065000534057617,27.15999984741211,19371,0.0,0.0
2024-01-18 10:30:00-05:00,27.159000396728516,27.15999984741211,27.100000381469727,27.114999771118164,24221,0.0,0.0
2024-01-18 11:30:00-05:00,27.110000610351562,27.1200008392334,27.030000686645508,27.05500030517578,22933,0.0,0.0
2024-01-18 12:30:00-05:00,27.049999237060547,27.139999389648438,27.040000915527344,27.139999389648438,22357,0.0,0.0
2024-01-18 13:30:00-05:00,27.135000228881836,27.21500015258789,27.1299991607666,27.200000762939453,17667,0.0,0.0
2024-01-18 14:30:00-05:00,27.209999084472656,27.2450008392334,27.18000030517578,27.229999542236328,31331,0.0,0.0
2024-01-18 15:30:00-05:00,27.239999771118164,27.259000778198242,27.15999984741211,27.15999984741211,70743,0.0,0.0
2024-01-19 09:30:00-05:00,27.399999618530273,27.399999618530273,27.049999237060547,27.219999313354492,27206,0.0,0.0
2024-01-19 10:30:00-05:00,27.229999542236328,27.229999542236328,27.040000915527344,27.049999237060547,14325,0.0,0.0
2024-01-19 11:30:00-05:00,27.040000915527344,27.09000015258789,27.0,27.06999969482422,28741,0.0,0.0
2024-01-19 12:30:00-05:00,27.06999969482422,27.1200008392334,27.040000915527344,27.079999923706055,29025,0.0,0.0
2024-01-19 13:30:00-05:00,27.079999923706055,27.209999084472656,27.040000915527344,27.18000030517578,29685,0.0,0.0
2024-01-19 14:30:00-05:00,27.209999084472656,27.209999084472656,27.079999923706055,27.09000015258789,28144,0.0,0.0
2024-01-19 15:30:00-05:00,27.079999923706055,27.110000610351562,27.030000686645508,27.110000610351562,71019,0.0,0.0
2024-01-22 09:30:00-05:00,27.079999923706055,27.270000457763672,27.0,27.270000457763672,21181,0.0,0.0
2024-01-22 10:30:00-05:00,27.290000915527344,27.360000610351562,27.2450008392334,27.360000610351562,22137,0.0,0.0
2024-01-22 11:30:00-05:00,27.360000610351562,27.360000610351562,27.260000228881836,27.270000457763672,35425,0.0,0.0
2024-01-22 12:30:00-05:00,27.264999389648438,27.280000686645508,27.18000030517578,27.209999084472656,21720,0.0,0.0
2024-01-22 13:30:00-05:00,27.219999313354492,27.272499084472656,27.209999084472656,27.239999771118164,18577,0.0,0.0
2024-01-22 14:30:00-05:00,27.239999771118164,27.260000228881836,27.229999542236328,27.239999771118164,24123,0.0,0.0
2024-01-22 15:30:00-05:00,27.2450008392334,27.329999923706055,27.219999313354492,27.31999969482422,46031,0.0,0.0
2024-01-23 09:30:00-05:00,27.350000381469727,27.655000686645508,27.350000381469727,27.594999313354492,16822,0.0,0.0
2024-01-23 10:30:00-05:00,27.579999923706055,27.649999618530273,27.399999618530273,27.399999618530273,30514,0.0,0.0
2024-01-23 11:30:00-05:00,27.399999618530273,27.43000030517578,27.344999313354492,27.399999618530273,23110,0.0,0.0
2024-01-23 12:30:00-05:00,27.389999389648438,27.420000076293945,27.360000610351562,27.399999618530273,21039,0.0,0.0
2024-01-23 13:30:00-05:00,27.399999618530273,27.42799949645996,27.350000381469727,27.405000686645508,23479,0.0,0.0
2024-01-23 14:30:00-05:00,27.405000686645508,27.420000076293945,27.350000381469727,27.350000381469727,32259,0.0,0.0
2024-01-23 15:30:00-05:00,27.360000610351562,27.43000030517578,27.329999923706055,27.40999984741211,55802,0.0,0.0
2024-01-24 09:30:00-05:00,27.360000610351562,27.440000534057617,27.14109992980957,27.14109992980957,17114,0.0,0.0
2024-01-24 10:30:00-05:00,27.139999389648438,27.25,27.110000610351562,27.200000762939453,22464,0.0,0.0
2024-01-24 11:30:00-05:00,27.200000762939453,27.219999313354492,27.040000915527344,27.049999237060547,17673,0.0,0.0
2024-01-24 12:30:00-05:00,27.040000915527344,27.079999923706055,27.002300262451172,27.0049991607666,19351,0.0,0.0
2024-01-24 13:30:00-05:00,26.989999771118164,27.06999969482422,26.989999771118164,27.040000915527344,19316,0.0,0.0
2024-01-24 14:30:00-05:00,27.040000915527344,27.045000076293945,26.969999313354492,27.027999877929688,33649,0.0,0.0
2024-01-24 15:30:00-05:00,27.024999618530273,27.045000076293945,26.920000076293945,26.920000076293945,49233,0.0,0.0
2024-01-25 09:30:00-05:00,26.950000762939453,27.1299991607666,26.950000762939453,27.06999969482422,16646,0.0,0.0
2024-01-25 10:30:00-05:00,27.06999969482422,27.06999969482422,26.979999542236328,26.979999542236328,12879,0.0,0.0
2024-01-25 11:30:00-05:00,26.979999542236328,27.030000686645508,26.96500015258789,26.979999542236328,16970,0.0,0.0
2024-01-25 12:30:00-05:00,26.969999313354492,27.030000686645508,26.940000534057617,27.0,17898,0.0,0.0
2024-01-25 13:30:00-05:00,27.010000228881836,27.049999237060547,26.940000534057617,27.049999237060547,20473,0.0,0.0
2024-01-25 14:30:00-05:00,27.06999969482422,27.079999923706055,27.010000228881836,27.049999237060547,22041,0.0,0.0
2024-01-25 15:30:00-05:00,27.040000915527344,27.170000076293945,27.040000915527344,27.170000076293945,46627,0.0,0.0
2024-01-26 09:30:00-05:00,27.219999313354492,27.34000015258789,27.200000762939453,27.219999313354492,30449,0.0,0.0
2024-01-26 10:30:00-05:00,27.200000762939453,27.270000457763672,27.18000030517578,27.229999542236328,23446,0.0,0.0
2024-01-26 11:30:00-05:00,27.229999542236328,27.329999923706055,27.229999542236328,27.329999923706055,12982,0.0,0.0
2024-01-26 12:30:00-05:00,27.34000015258789,27.34000015258789,27.270000457763672,27.280000686645508,17772,0.0,0.0
2024-01-26 13:30:00-05:00,27.280000686645508,27.280000686645508,27.219999313354492,27.270000457763672,20018,0.0,0.0
2024-01-26 14:30:00-05:00,27.280000686645508,27.280000686645508,27.149999618530273,27.15999984741211,57087,0.0,0.0
2024-01-26 15:30:00-05:00,27.18000030517578,27.25,27.15019989013672,27.229999542236328,140314,0.0,0.0
2024-01-29 09:30:00-05:00,27.309999465942383,27.309999465942383,27.15999984741211,27.189800262451172,10331,0.0,0.0
2024-01-29 10:30:00-05:00,27.18000030517578,27.200000762939453,27.165000915527344,27.170000076293945,8991,0.0,0.0
2024-01-29 11:30:00-05:00,27.15999984741211,27.229999542236328,27.149999618530273,27.22599983215332,15405,0.0,0.0
2024-01-29 12:30:00-05:00,27.25,27.329999923706055,27.219999313354492,27.329999923706055,24715,0.0,0.0
2024-01-29 13:30:00-05:00,27.31999969482422,27.31999969482422,27.229999542236328,27.260000228881836,14252,0.0,0.0
2024-01-29 14:30:00-05:00,27.260000228881836,27.31999969482422,27.2450008392334,27.309999465942383,22726,0.0,0.0
2024-01-29 15:30:00-05:00,27.309999465942383,27.440000534057617,27.309999465942383,27.420000076293945,51305,0.0,0.0
2024-01-30 09:30:00-05:00,27.440000534057617,27.479999542236328,27.229999542236328,27.308000564575195,14728,0.0,0.0
2024-01-30 10:30:00-05:00,27.290000915527344,27.351900100708008,27.290000915527344,27.290000915527344,17107,0.0,0.0
2024-01-30 11:30:00-05:00,27.290000915527344,27.3700008392334,27.280000686645508,27.3700008392334,13986,0.0,0.0
2024-01-30 12:30:00-05:00,27.364999771118164,27.389999389648438,27.33650016784668,27.385000228881836,17677,0.0,0.0
2024-01-30 13:30:00-05:00,27.3799991607666,27.524999618530273,27.3700008392334,27.520000457763672,26112,0.0,0.0
2024-01-30 14:30:00-05:00,27.51129913330078,27.530000686645508,27.475000381469727,27.524999618530273,31089,0.0,0.0
2024-01-30 15:30:00-05:00,27.524999618530273,27.559999465942383,27.510000228881836,27.520000457763672,53663,0.0,0.0
2024-01-31 09:30:00-05:00,27.579999923706055,27.6200008392334,27.489999771118164,27.549999237060547,10482,0.0,0.0
2024-01-31 10:30:00-05:00,27.559999465942383,27.559999465942383,27.40999984741211,27.40999984741211,17363,0.0,0.0
2024-01-31 11:30:00-05:00,27.420000076293945,27.440000534057617,27.360000610351562,27.420000076293945,10904,0.0,0.0
2024-01-31 12:30:00-05:00,27.40999984741211,27.40999984741211,27.329999923706055,27.329999923706055,11668,0.0,0.0
2024-01-31 13:30:00-05:00,27.31999969482422,27.350000381469727,27.25,27.25,11631,0.0,0.0
2024-01-31 14:30:00-05:00,27.260000228881836,27.329999923706055,27.055599212646484,27.1200008392334,24227,0.0,0.0
2024-01-31 15:30:00-05:00,27.110000610351562,27.209999084472656,27.110000610351562,27.18000030517578,40339,0.0,0.0
2024-02-01 09:30:00-05:00,27.260000228881836,27.489999771118164,27.059999465942383,27.489999771118164,47231,0.0,0.0
2024-02-01 10:30:00-05:00,27.479999542236328,27.559999465942383,27.329999923706055,27.415000915527344,50408,0.0,0.0
2024-02-01 11:30:00-05:00,27.40999984741211,27.579999923706055,27.40999984741211,27.5,28148,0.0,0.0
2024-02-01 12:30:00-05:00,27.510000228881836,27.59000015258789,27.5,27.540000915527344,23163,0.0,0.0
2024-02-01 13:30:00-05:00,27.540000915527344,27.610000610351562,27.520000457763672,27.579999923706055,21469,0.0,0.0
2024-02-01 14:30:00-05:00,27.579999923706055,27.65999984741211,27.56999969482422,27.635000228881836,40742,0.0,0.0
2024-02-01 15:30:00-05:00,27.639999389648438,27.729999542236328,27.639999389648438,27.729999542236328,62224,0.0,0.0
2024-02-02 09:30:00-05:00,27.670000076293945,27.700000762939453,27.420000076293945,27.53499984741211,27412,0.0,0.0
2024-02-02 10:30:00-05:00,27.540000915527344,27.549999237060547,27.420000076293945,27.469999313354492,23430,0.0,0.0
2024-02-02 11:30:00-05:00,27.489999771118164,27.56999969482422,27.485000610351562,27.569499969482422,16835,0.0,0.0
2024-02-02 12:30:00-05:00,27.59000015258789,27.829999923706055,27.579999923706055,27.760000228881836,44359,0.0,0.0
2024-02-02 13:30:00-05:00,27.760000228881836,27.868999481201172,27.75,27.868999481201172,87666,0.0,0.0
2024-02-02 14:30:00-05:00,27.8700008392334,27.989999771118164,27.864999771118164,27.989999771118164,158375,0.0,0.0
2024-02-02 15:30:00-05:00,27.985000610351562,28.0,27.739999771118164,27.739999771118164,154136,0.0,0.0
2024-02-05 09:30:00-05:00,27.809999465942383,27.834999084472656,27.68000030517578,27.7549991607666,27496,0.0,0.0
2024-02-05 10:30:00-05:00,27.729999542236328,27.829999923706055,27.729999542236328,27.770000457763672,83121,0.0,0.0
2024-02-05 11:30:00-05:00,27.733699798583984,27.809999465942383,27.690000534057617,27.799999237060547,24685,0.0,0.0
2024-02-05 12:30:00-05:00,27.81999969482422,27.84000015258789,27.729999542236328,27.739999771118164,27187,0.0,0.0
2024-02-05 13:30:00-05:00,27.729999542236328,27.850000381469727,27.729999542236328,27.844999313354492,31201,0.0,0.0
2024-02-05 14:30:00-05:00,27.860000610351562,27.90999984741211,27.84000015258789,27.895000457763672,47087,0.0,0.0
2024-02-05 15:30:00-05:00,27.895000457763672,27.90999984741211,27.739999771118164,27.75,139827,0.0,0.0
2024-02-06 09:30:00-05:00,27.899999618530273,27.97249984741211,27.6200008392334,27.665000915527344,23776,0.0,0.0
2024-02-06 10:30:00-05:00,27.670000076293945,27.809999465942383,27.645000457763672,27.770000457763672,32484,0.0,0.0
2024-02-06 11:30:00-05:00,27.75,27.850000381469727,27.690000534057617,27.850000381469727,40804,0.0,0.0
2024-02-06 12:30:00-05:00,27.84000015258789,27.84000015258789,27.719999313354492,27.7549991607666,36329,0.0,0.0
2024-02-06 13:30:00-05:00,27.760000228881836,27.780000686645508,27.670000076293945,27.690000534057617,49213,0.0,0.0
2024-02-06 14:30:00-05:00,27.684999465942383,27.760000228881836,27.65999984741211,27.760000228881836,61239,0.0,0.0
2024-02-06 15:30:00-05:00,27.75,27.84000015258789,27.700000762939453,27.829999923706055,125575,0.0,0.0
2024-02-07 09:30:00-05:00,28.479999542236328,29.850000381469727,28.405000686645508,28.59000015258789,173724,0.0,0.0
2024-02-07 10:30:00-05:00,28.604999542236328,28.739999771118164,28.510000228881836,28.579999923706055,103973,0.0,0.0
2024-02-07 11:30:00-05:00,28.59000015258789,28.770000457763672,28.579999923706055,28.729999542236328,161737,0.0,0.0
2024-02-07 12:30:00-05:00,28.709999084472656,28.75,28.610000610351562,28.72920036315918,87978,0.0,0.0
2024-02-07 13:30:00-05:00,28.719999313354492,28.760000228881836,28.450000762939453,28.489999771118164,160050,0.0,0.0
2024-02-07 14:30:00-05:00,28.489999771118164,28.68000030517578,28.475000381469727,28.520000457763672,131802,0.0,0.0
2024-02-07 15:30:00-05:00,28.518999099731445,28.55500030517578,28.229999542236328,28.389999389648438,163671,0.0,0.0
2024-02-08 09:30:00-05:00,28.530000686645508,28.625,28.399999618530273,28.61750030517578,40617,0.0,0.0
2024-02-08 10:30:00-05:00,28.610000610351562,28.68000030517578,28.31999969482422,28.31999969482422,65282,0.0,0.0
2024-02-08 11:30:00-05:00,28.31999969482422,28.479999542236328,28.31999969482422,28.40999984741211,60632,0.0,0.0
2024-02-08 12:30:00-05:00,28.40999984741211,28.55500030517578,28.399999618530273,28.46500015258789,46762,0.0,0.0
2024-02-08 13:30:00-05:00,28.479999542236328,28.520000457763672,28.415000915527344,28.440000534057617,49402,0.0,0.0
2024-02-08 14:30:00-05:00,28.440000534057617,28.524999618530273,28.440000534057617,28.489999771118164,49274,0.0,0.0
2024-02-08 15:30:00-05:00,28.479999542236328,28.520000457763672,28.469999313354492,28.509000778198242,130376,0.0,0.0
2024-02-09 09:30:00-05:00,28.530000686645508,28.760000228881836,28.3799991607666,28.43000030517578,31913,0.0,0.0
2024-02-09 10:30:00-05:00,28.430999755859375,28.520000457763672,28.40999984741211,28.5,30337,0.0,0.0
2024-02-09 11:30:00-05:00,28.510000228881836,28.540000915527344,28.469999313354492,28.53499984741211,40146,0.0,0.0
2024-02-09 12:30:00-05:00,28.530000686645508,28.53499984741211,28.469999313354492,28.485000610351562,39439,0.0,0.0
2024-02-09 13:30:00-05:00,28.489999771118164,28.559999465942383,28.389999389648438,28.40999984741211,74542,0.0,0.0
2024-02-09 14:30:00-05:00,28.399999618530273,28.510000228881836,28.3799991607666,28.454999923706055,72312,0.0,0.0
2024-02-09 15:30:00-05:00,28.454999923706055,28.5049991607666,28.3799991607666,28.434999465942383,205977,0.0,0.0
2024-02-12 09:30:00-05:00,28.5,28.59000015258789,28.44499969482422,28.514999389648438,194203,0.0,0.0
2024-02-12 10:30:00-05:00,28.514999389648438,28.559999465942383,28.43000030517578,28.510000228881836,59411,0.0,0.0
2024-02-12 11:30:00-05:00,28.510000228881836,28.530000686645508,28.475000381469727,28.530000686645508,27650,0.0,0.0
2024-02-12 12:30:00-05:00,28.520000457763672,28.600000381469727,28.434999465942383,28.575000762939453,129501,0.0,0.0
2024-02-12 13:30:00-05:00,28.579999923706055,28.6200008392334,28.520000457763672,28.565000534057617,85288,0.0,0.0
2024-02-12 14:30:00-05:00,28.559999465942383,28.59000015258789,28.520000457763672,28.540000915527344,48160,0.0,0.0
2024-02-12 15:30:00-05:00,28.545000076293945,28.610000610351562,28.489999771118164,28.489999771118164,204109,0.0,0.0
2024-02-13 09:30:00-05:00,28.56999969482422,28.670000076293945,28.31999969482422,28.360000610351562,48240,0.0,0.0
2024-02-13 10:30:00-05:00,28.350000381469727,28.510000228881836,28.204999923706055,28.5,53974,0.0,0.0
2024-02-13 11:30:00-05:00,28.5,28.549999237060547,28.469999313354492,28.510000228881836,73810,0.0,0.0
2024-02-13 12:30:00-05:00,28.510000228881836,28.559999465942383,28.490999221801758,28.559999465942383,57200,0.0,0.0
2024-02-13 13:30:00-05:00,28.549999237060547,28.559999465942383,28.454999923706055,28.469999313354492,69536,0.0,0.0
2024-02-13 14:30:00-05:00,28.459999084472656,28.5,28.40999984741211,28.5,67468,0.0,0.0
2024-02-13 15:30:00-05:00,28.5,28.565000534057617,28.440000534057617,28.440000534057617,157353,0.0,0.0
2024-02-14 09:30:00-05:00,28.25,28.399999618530273,28.18000030517578,28.399999618530273,88565,0.23,0.0
2024-02-14 10:30:00-05:00,28.399999618530273,28.40999984741211,28.31999969482422,28.3799991607666,63442,0.0,0.0
2024-02-14 11:30:00-05:00,28.3700008392334,28.3799991607666,28.274999618530273,28.309999465942383,36139,0.0,0.0
2024-02-14 12:30:00-05:00,28.309999465942383,28.360000610351562,28.280000686645508,28.34000015258789,33514,0.0,0.0
2024-02-14 13:30:00-05:00,28.344999313354492,28.365800857543945,28.290000915527344,28.350000381469727,60729,0.0,0.0
2024-02-14 14:30:00-05:00,28.350000381469727,28.40999984741211,28.315000534057617,28.329999923706055,97570,0.0,0.0
2024-02-14 15:30:00-05:00,28.329999923706055,28.39900016784668,28.290000915527344,28.290000915527344,248504,0.0,0.0
2024-02-15 09:30:00-05:00,28.399999618530273,28.417999267578125,28.25,28.360000610351562,45479,0.0,0.0
2024-02-15 10:30:00-05:00,28.350000381469727,28.3799991607666,28.28499984741211,28.31999969482422,61922,0.0,0.0
2024-02-15 11:30:00-05:00,28.31999969482422,28.530000686645508,28.200000762939453,28.5,1467653,0.0,0.0
2024-02-15 12:30:00-05:00,28.510000228881836,28.559999465942383,28.43000030517578,28.520000457763672,58864,0.0,0.0
2024-02-15 13:30:00-05:00,28.510000228881836,28.549999237060547,28.420000076293945,28.5,94982,0.0,0.0
2024-02-15 14:30:00-05:00,28.5049991607666,28.670000076293945,28.5049991607666,28.639999389648438,66518,0.0,0.0
2024-02-15 15:30:00-05:00,28.639999389648438,28.729999542236328,28.56999969482422,28.56999969482422,216008,0.0,0.0
2024-02-16 09:30:00-05:00,28.799999237060547,29.1299991607666,28.6299991607666,29.0,58107,0.0,0.0
2024-02-16 10:30:00-05:00,28.979999542236328,28.979999542236328,28.799999237060547,28.850000381469727,81818,0.0,0.0
2024-02-16 11:30:00-05:00,28.81999969482422,29.020000457763672,28.780000686645508,28.950000762939453,50657,0.0,0.0
2024-02-16 12:30:00-05:00,28.940000534057617,28.950000762939453,28.8700008392334,28.899999618530273,40451,0.0,0.0
2024-02-16 13:30:00-05:00,28.920000076293945,29.0,28.8799991607666,29.0,71066,0.0,0.0
2024-02-16 14:30:00-05:00,29.0,29.0,28.760000228881836,28.829999923706055,132228,0.0,0.0
2024-02-16 15:30:00-05:00,28.829999923706055,28.920000076293945,28.690000534057617,28.719999313354492,237193,0.0,0.0
2024-02-20 09:30:00-05:00,28.8799991607666,29.100000381469727,28.7539005279541,28.950000762939453,49093,0.0,0.0
2024-02-20 10:30:00-05:00,28.950000762939453,29.0,28.809999465942383,28.899999618530273,63069,0.0,0.0
2024-02-20 11:30:00-05:00,28.90999984741211,28.915000915527344,28.8700008392334,28.899999618530273,44338,0.0,0.0
2024-02-20 12:30:00-05:00,28.899999618530273,29.09000015258789,28.8799991607666,29.010000228881836,117698,0.0,0.0
2024-02-20 13:30:00-05:00,29.020000457763672,29.100000381469727,28.979999542236328,29.100000381469727,56992,0.0,0.0
2024-02-20 14:30:00-05:00,29.100000381469727,29.149999618530273,29.030000686645508,29.110000610351562,89496,0.0,0.0
2024-02-20 15:30:00-05:00,29.110000610351562,29.209999084472656,29.059999465942383,29.190000534057617,155458,0.0,0.0
2024-02-21 09:30:00-05:00,29.31999969482422,29.3799991607666,29.149999618530273,29.25,34880,0.0,0.0
2024-02-21 10:30:00-05:00,29.239999771118164,29.260000228881836,29.200000762939453,29.204999923706055,27980,0.0,0.0
2024-02-21 11:30:00-05:00,29.204999923706055,29.350000381469727,29.204999923706055,29.31999969482422,38020,0.0,0.0
2024-02-21 12:30:00-05:00,29.309999465942383,29.389999389648438,29.3075008392334,29.385000228881836,57313,0.0,0.0
2024-02-21 13:30:00-05:00,29.3799991607666,29.389999389648438,29.309999465942383,29.354999542236328,73403,0.0,0.0
2024-02-21 14:30:00-05:00,29.360000610351562,29.3799991607666,29.299999237060547,29.30500030517578,70983,0.0,0.0
2024-02-21 15:30:00-05:00,29.30500030517578,29.43000030517578,29.30500030517578,29.389999389648438,131871,0.0,0.0
2024-02-22 09:30:00-05:00,29.299999237060547,29.299999237060547,29.110000610351562,29.15999984741211,38390,0.0,0.0
2024-02-22 10:30:00-05:00,29.149999618530273,29.290000915527344,29.125,29.25,27353,0.0,0.0
2024-02-22 11:30:00-05:00,29.260000228881836,29.329999923706055,29.229999542236328,29.309999465942383,31387,0.0,0.0
2024-02-22 12:30:00-05:00,29.329999923706055,29.399999618530273,29.309999465942383,29.399999618530273,35719,0.0,0.0
2024-02-22 13:30:00-05:00,29.389999389648438,29.459999084472656,29.389999389648438,29.424999237060547,35750,0.0,0.0
2024-02-22 14:30:00-05:00,29.424999237060547,29.440000534057617,29.329999923706055,29.3799991607666,68393,0.0,0.0
2024-02-22 15:30:00-05:00,29.3799991607666,29.415000915527344,29.350000381469727,29.3799991607666,131689,0.0,0.0
2024-02-23 09:30:00-05:00,29.450000762939453,29.625,29.3700008392334,29.540000915527344,37218,0.0,0.0
2024-02-23 10:30:00-05:00,29.540000915527344,29.65999984741211,29.524999618530273,29.6299991607666,47982,0.0,0.0
2024-02-23 11:30:00-05:00,29.614999771118164,29.689300537109375,29.594999313354492,29.649999618530273,36889,0.0,0.0
2024-02-23 12:30:00-05:00,29.649999618530273,29.700000762939453,29.639999389648438,29.65999984741211,29255,0.0,0.0
2024-02-23 13:30:00-05:00,29.670000076293945,29.670000076293945,29.59000015258789,29.6299991607666,34591,0.0,0.0
2024-02-23 14:30:00-05:00,29.6200008392334,29.719999313354492,29.6200008392334,29.709999084472656,62097,0.0,0.0
2024-02-23 15:30:00-05:00,29.704999923706055,29.704999923706055,29.56999969482422,29.59000015258789,82578,0.0,0.0
2024-02-26 09:30:00-05:00,29.6299991607666,29.6299991607666,29.5,29.559999465942383,34653,0.0,0.0
2024-02-26 10:30:00-05:00,29.579999923706055,29.610000610351562,29.489999771118164,29.489999771118164,26159,0.0,0.0
2024-02-26 11:30:00-05:00,29.5,29.520000457763672,29.4375,29.440000534057617,20165,0.0,0.0
2024-02-26 12:30:00-05:00,29.440000534057617,29.479999542236328,29.3799991607666,29.43000030517578,30826,0.0,0.0
2024-02-26 13:30:00-05:00,29.440000534057617,29.440000534057617,29.364999771118164,29.395000457763672,26731,0.0,0.0
2024-02-26 14:30:00-05:00,29.399999618530273,29.40999984741211,29.309999465942383,29.40999984741211,63063,0.0,0.0
2024-02-26 15:30:00-05:00,29.389999389648438,29.40999984741211,29.280000686645508,29.309999465942383,104247,0.0,0.0
2024-02-27 09:30:00-05:00,29.25,29.315000534057617,29.15999984741211,29.264999389648438,54806,0.0,0.0
2024-02-27 10:30:00-05:00,29.264999389648438,29.389999389648438,29.264999389648438,29.360000610351562,61612,0.0,0.0
2024-02-27 11:30:00-05:00,29.3700008392334,29.479999542236328,29.3700008392334,29.479999542236328,36232,0.0,0.0
2024-02-27 12:30:00-05:00,29.485000610351562,29.5049991607666,29.420000076293945,29.489999771118164,67829,0.0,0.0
2024-02-27 13:30:00-05:00,29.489999771118164,29.520000457763672,29.399999618530273,29.399999618530273,62097,0.0,0.0
2024-02-27 14:30:00-05:00,29.405000686645508,29.479999542236328,29.3700008392334,29.459999084472656,68172,0.0,0.0
2024-02-27 15:30:00-05:00,29.46500015258789,29.469999313354492,29.329999923706055,29.3799991607666,238880,0.0,0.0
2024-02-28 09:30:00-05:00,29.360000610351562,29.46430015563965,29.21500015258789,29.405000686645508,64765,0.0,0.0
2024-02-28 10:30:00-05:00,29.40999984741211,29.510000228881836,29.350000381469727,29.43000030517578,55814,0.0,0.0
2024-02-28 11:30:00-05:00,29.43000030517578,29.489999771118164,29.3799991607666,29.395000457763672,49819,0.0,0.0
2024-02-28 12:30:00-05:00,29.389999389648438,29.450000762939453,29.385000228881836,29.434999465942383,48417,0.0,0.0
2024-02-28 13:30:00-05:00,29.4375,29.5,29.399999618530273,29.420000076293945,60193,0.0,0.0
2024-02-28 14:30:00-05:00,29.40999984741211,29.59000015258789,29.40999984741211,29.59000015258789,88159,0.0,0.0
2024-02-28 15:30:00-05:00,29.59000015258789,29.594999313354492,29.479999542236328,29.530000686645508,146752,0.0,0.0
2024-02-29 09:30:00-05:00,29.33690071105957,29.68000030517578,29.33690071105957,29.579999923706055,69620,0.0,0.0
2024-02-29 10:30:00-05:00,29.600000381469727,29.6299991607666,29.56999969482422,29.579999923706055,56546,0.0,0.0
2024-02-29 11:30:00-05:00,29.56999969482422,29.6200008392334,29.549999237060547,29.614999771118164,47290,0.0,0.0
2024-02-29 12:30:00-05:00,29.610000610351562,29.645000457763672,29.59000015258789,29.639999389648438,63138,0.0,0.0
2024-02-29 13:30:00-05:00,29.649999618530273,29.649999618530273,29.479999542236328,29.5,104787,0.0,0.0
2024-02-29 14:30:00-05:00,29.502099990844727,29.549999237060547,29.481000900268555,29.5,68065,0.0,0.0
2024-02-29 15:30:00-05:00,29.5049991607666,29.600000381469727,29.479999542236328,29.479999542236328,140513,0.0,0.0
2024-03-01 09:30:00-05:00,29.530000686645508,29.6200008392334,29.351200103759766,29.450000762939453,20979,0.0,0.0
2024-03-01 10:30:00-05:00,29.459999084472656,29.459999084472656,29.280000686645508,29.280000686645508,108514,0.0,0.0
2024-03-01 11:30:00-05:00,29.270000457763672,29.459999084472656,29.25,29.43000030517578,90177,0.0,0.0
2024-03-01 12:30:00-05:00,29.440000534057617,29.559999465942383,29.43000030517578,29.510000228881836,59746,0.0,0.0
2024-03-01 13:30:00-05:00,29.5,29.549999237060547,29.469999313354492,29.53499984741211,51807,0.0,0.0
2024-03-01 14:30:00-05:00,29.53499984741211,29.547500610351562,29.479999542236328,29.489999771118164,49077,0.0,0.0
2024-03-01 15:30:00-05:00,29.489999771118164,29.50749969482422,29.3700008392334,29.3799991607666,131545,0.0,0.0
2024-03-04 09:30:00-05:00,29.43000030517578,29.579999923706055,29.290000915527344,29.530000686645508,35241,0.0,0.0
2024-03-04 10:30:00-05:00,29.524999618530273,29.53499984741211,29.44499969482422,29.53499984741211,16898,0.0,0.0
2024-03-04 11:30:00-05:00,29.530000686645508,29.549999237060547,29.489999771118164,29.489999771118164,26703,0.0,0.0
2024-03-04 12:30:00-05:00,29.479999542236328,29.520000457763672,29.460100173950195,29.460100173950195,18575,0.0,0.0
2024-03-04 13:30:00-05:00,29.479999542236328,29.540000915527344,29.46500015258789,29.520000457763672,37874,0.0,0.0
2024-03-04 14:30:00-05:00,29.510000228881836,29.600000381469727,29.489999771118164,29.600000381469727,93813,0.0,0.0
2024-03-04 15:30:00-05:00,29.600000381469727,29.614999771118164,29.510000228881836,29.520000457763672,259545,0.0,0.0
2024-03-05 09:30:00-05:00,29.52750015258789,29.649999618530273,29.479999542236328,29.5,30375,0.0,0.0
2024-03-05 10:30:00-05:00,29.5,29.545000076293945,29.325000762939453,29.34000015258789,9997,0.0,0.0
2024-03-05 11:30:00-05:00,29.350000381469727,29.389999389648438,29.280000686645508,29.290000915527344,22675,0.0,0.0
2024-03-05 12:30:00-05:00,29.270000457763672,29.360000610351562,29.25,29.360000610351562,21871,0.0,0.0
2024-03-05 13:30:00-05:00,29.3799991607666,29.405000686645508,29.280000686645508,29.315000534057617,18481,0.0,0.0
2024-03-05 14:30:00-05:00,29.315000534057617,29.315000534057617,29.1299991607666,29.159000396728516,40678,0.0,0.0
2024-03-05 15:30:00-05:00,29.149999618530273,29.170000076293945,29.059999465942383,29.059999465942383,276943,0.0,0.0
2024-03-06 09:30:00-05:00,29.18000030517578,29.219999313354492,29.06999969482422,29.09000015258789,28403,0.0,0.0
2024-03-06 10:30:00-05:00,29.079999923706055,29.15999984741211,29.020000457763672,29.15999984741211,26052,0.0,0.0
2024-03-06 11:30:00-05:00,29.149999618530273,29.360000610351562,29.139999389648438,29.360000610351562,26770,0.0,0.0
2024-03-06 12:30:00-05:00,29.3799991607666,29.40999984741211,29.290000915527344,29.299999237060547,33799,0.0,0.0
2024-03-06 13:30:00-05:00,29.31999969482422,29.31999969482422,29.200000762939453,29.200000762939453,8243,0.0,0.0
