Date,Open,High,Low,Close,Volume,Dividends,Stock Splits
2023-03-09 00:00:00-05:00,6.800000190734863,8.0,5.570000171661377,5.809999942779541,2945400,0.0,0.0
2023-03-10 00:00:00-05:00,6.400000095367432,6.699999809265137,6.010000228881836,6.489999771118164,1019200,0.0,0.0
2023-03-13 00:00:00-04:00,6.489999771118164,7.190000057220459,6.300000190734863,6.380000114440918,1094200,0.0,0.0
2023-03-14 00:00:00-04:00,6.329999923706055,6.429999828338623,5.599999904632568,5.960000038146973,664500,0.0,0.0
2023-03-15 00:00:00-04:00,5.809999942779541,5.901000022888184,4.949999809265137,5.739999771118164,453700,0.0,0.0
2023-03-16 00:00:00-04:00,5.599999904632568,5.630000114440918,5.260000228881836,5.610000133514404,209700,0.0,0.0
2023-03-17 00:00:00-04:00,5.650000095367432,5.699999809265137,5.360000133514404,5.639999866485596,181900,0.0,0.0
2023-03-20 00:00:00-04:00,5.630000114440918,5.697999954223633,5.400000095367432,5.599999904632568,94700,0.0,0.0
2023-03-21 00:00:00-04:00,5.550000190734863,6.590000152587891,5.420000076293945,6.300000190734863,487300,0.0,0.0
2023-03-22 00:00:00-04:00,6.159999847412109,6.198999881744385,5.800000190734863,5.929999828338623,150800,0.0,0.0
2023-03-23 00:00:00-04:00,5.769999980926514,6.409999847412109,5.710000038146973,5.989999771118164,310200,0.0,0.0
2023-03-24 00:00:00-04:00,5.900000095367432,6.025000095367432,5.789999961853027,5.920000076293945,69600,0.0,0.0
2023-03-27 00:00:00-04:00,5.889999866485596,6.179999828338623,5.71999979019165,5.960000038146973,106600,0.0,0.0
2023-03-28 00:00:00-04:00,6.039999961853027,6.090000152587891,5.699999809265137,5.809999942779541,86800,0.0,0.0
2023-03-29 00:00:00-04:00,5.710000038146973,5.980000019073486,5.255000114440918,5.489999771118164,296800,0.0,0.0
2023-03-30 00:00:00-04:00,5.699999809265137,5.800000190734863,5.409999847412109,5.550000190734863,111800,0.0,0.0
2023-03-31 00:00:00-04:00,5.769999980926514,7.099999904632568,5.599999904632568,6.920000076293945,1711100,0.0,0.0
2023-04-03 00:00:00-04:00,6.900000095367432,7.25,6.210000038146973,7.099999904632568,1778600,0.0,0.0
2023-04-04 00:00:00-04:00,7.150000095367432,7.300000190734863,5.380000114440918,5.380000114440918,1612800,0.0,0.0
2023-04-05 00:00:00-04:00,5.639999866485596,5.739999771118164,5.039999961853027,5.480000019073486,361300,0.0,0.0
2023-04-06 00:00:00-04:00,5.239999771118164,5.889999866485596,5.239999771118164,5.75,394000,0.0,0.0
2023-04-10 00:00:00-04:00,5.650000095367432,5.840000152587891,5.420000076293945,5.429999828338623,109200,0.0,0.0
2023-04-11 00:00:00-04:00,5.614999771118164,5.960000038146973,5.320000171661377,5.420000076293945,286400,0.0,0.0
2023-04-12 00:00:00-04:00,5.489999771118164,5.849999904632568,5.335000038146973,5.71999979019165,217900,0.0,0.0
2023-04-13 00:00:00-04:00,5.889999866485596,6.447999954223633,5.534999847412109,6.309999942779541,650700,0.0,0.0
2023-04-14 00:00:00-04:00,6.369999885559082,6.699999809265137,5.909999847412109,6.138999938964844,321100,0.0,0.0
2023-04-17 00:00:00-04:00,6.309999942779541,6.309999942779541,5.920000076293945,6.090000152587891,236800,0.0,0.0
2023-04-18 00:00:00-04:00,6.03000020980835,6.168000221252441,5.78000020980835,5.849999904632568,84100,0.0,0.0
2023-04-19 00:00:00-04:00,5.639999866485596,5.800000190734863,5.610000133514404,5.7179999351501465,89900,0.0,0.0
2023-04-20 00:00:00-04:00,5.650000095367432,5.860000133514404,5.360000133514404,5.690000057220459,148900,0.0,0.0
2023-04-21 00:00:00-04:00,5.800000190734863,5.86899995803833,5.440999984741211,5.498000144958496,89800,0.0,0.0
2023-04-24 00:00:00-04:00,5.429999828338623,5.706999778747559,5.130000114440918,5.329999923706055,207200,0.0,0.0
2023-04-25 00:00:00-04:00,5.215000152587891,5.238999843597412,4.960000038146973,5.099999904632568,209400,0.0,0.0
2023-04-26 00:00:00-04:00,5.059999942779541,5.300000190734863,5.010000228881836,5.110000133514404,126600,0.0,0.0
2023-04-27 00:00:00-04:00,5.039999961853027,5.2179999351501465,4.300000190734863,4.889999866485596,205300,0.0,0.0
2023-04-28 00:00:00-04:00,4.900000095367432,5.519999980926514,4.889999866485596,5.400000095367432,146400,0.0,0.0
2023-05-01 00:00:00-04:00,5.550000190734863,5.679999828338623,5.300000190734863,5.650000095367432,115400,0.0,0.0
2023-05-02 00:00:00-04:00,5.579999923706055,5.579999923706055,5.159999847412109,5.46999979019165,87600,0.0,0.0
2023-05-03 00:00:00-04:00,5.449999809265137,5.5,5.170000076293945,5.329999923706055,41100,0.0,0.0
2023-05-04 00:00:00-04:00,5.460000038146973,5.610000133514404,5.340000152587891,5.414999961853027,79700,0.0,0.0
2023-05-05 00:00:00-04:00,5.505000114440918,5.579999923706055,5.360000133514404,5.550000190734863,64200,0.0,0.0
2023-05-08 00:00:00-04:00,5.499000072479248,5.900000095367432,5.210000038146973,5.739999771118164,189900,0.0,0.0
2023-05-09 00:00:00-04:00,5.789999961853027,5.829999923706055,5.389999866485596,5.664999961853027,108200,0.0,0.0
2023-05-10 00:00:00-04:00,5.769999980926514,5.820000171661377,5.5,5.619999885559082,52500,0.0,0.0
2023-05-11 00:00:00-04:00,5.630000114440918,5.699999809265137,5.329999923706055,5.670000076293945,71100,0.0,0.0
2023-05-12 00:00:00-04:00,5.519999980926514,5.638000011444092,5.341000080108643,5.5,22000,0.0,0.0
2023-05-15 00:00:00-04:00,5.480000019073486,5.929999828338623,5.480000019073486,5.59499979019165,175400,0.0,0.0
2023-05-16 00:00:00-04:00,5.820000171661377,5.820000171661377,5.53000020980835,5.599999904632568,37800,0.0,0.0
2023-05-17 00:00:00-04:00,5.644999980926514,5.760000228881836,5.316999912261963,5.699999809265137,109500,0.0,0.0
2023-05-18 00:00:00-04:00,5.695000171661377,6.090000152587891,5.550000190734863,6.050000190734863,117800,0.0,0.0
2023-05-19 00:00:00-04:00,6.050000190734863,6.150000095367432,5.659999847412109,5.869999885559082,110300,0.0,0.0
2023-05-22 00:00:00-04:00,5.78000020980835,6.329999923706055,5.78000020980835,6.070000171661377,191300,0.0,0.0
2023-05-23 00:00:00-04:00,6.130000114440918,6.5,5.75,5.940000057220459,209900,0.0,0.0
2023-05-24 00:00:00-04:00,5.840000152587891,5.920000076293945,5.179999828338623,5.630000114440918,238000,0.0,0.0
2023-05-25 00:00:00-04:00,5.809999942779541,5.888999938964844,5.349999904632568,5.409999847412109,97700,0.0,0.0
2023-05-26 00:00:00-04:00,5.590000152587891,5.900000095367432,5.300000190734863,5.679999828338623,50300,0.0,0.0
2023-05-30 00:00:00-04:00,5.809999942779541,6.079999923706055,5.510000228881836,5.882999897003174,203900,0.0,0.0
2023-05-31 00:00:00-04:00,5.900000095367432,5.949999809265137,5.619999885559082,5.949999809265137,201000,0.0,0.0
2023-06-01 00:00:00-04:00,5.769999980926514,6.818999767303467,5.769999980926514,6.650000095367432,433200,0.0,0.0
2023-06-02 00:00:00-04:00,6.550000190734863,6.619999885559082,6.019999980926514,6.090000152587891,128700,0.0,0.0
2023-06-05 00:00:00-04:00,6.050000190734863,6.099999904632568,5.809999942779541,6.050000190734863,103800,0.0,0.0
2023-06-06 00:00:00-04:00,5.949999809265137,6.110000133514404,5.5,5.699999809265137,179100,0.0,0.0
2023-06-07 00:00:00-04:00,5.75,5.860000133514404,5.420000076293945,5.550000190734863,62200,0.0,0.0
2023-06-08 00:00:00-04:00,5.630000114440918,5.860000133514404,5.380000114440918,5.599999904632568,830700,0.0,0.0
2023-06-09 00:00:00-04:00,5.5,5.75,5.400000095367432,5.590000152587891,69400,0.0,0.0
2023-06-12 00:00:00-04:00,5.432000160217285,5.550000190734863,5.400000095367432,5.550000190734863,51600,0.0,0.0
2023-06-13 00:00:00-04:00,5.550000190734863,5.71999979019165,5.409999847412109,5.449999809265137,165000,0.0,0.0
2023-06-14 00:00:00-04:00,5.590000152587891,5.599999904632568,5.409999847412109,5.599999904632568,77500,0.0,0.0
2023-06-15 00:00:00-04:00,5.739999771118164,5.78000020980835,5.449999809265137,5.514999866485596,188500,0.0,0.0
2023-06-16 00:00:00-04:00,5.5,5.570000171661377,5.360000133514404,5.53000020980835,109700,0.0,0.0
2023-06-20 00:00:00-04:00,5.559999942779541,5.559999942779541,5.260000228881836,5.5,89700,0.0,0.0
2023-06-21 00:00:00-04:00,5.5,5.550000190734863,5.300000190734863,5.369999885559082,75100,0.0,0.0
2023-06-22 00:00:00-04:00,5.360000133514404,5.440000057220459,5.210000038146973,5.400000095367432,34400,0.0,0.0
2023-06-23 00:00:00-04:00,5.420000076293945,5.46999979019165,5.159999847412109,5.400000095367432,45900,0.0,0.0
2023-06-26 00:00:00-04:00,5.400000095367432,6.105999946594238,5.34499979019165,5.730000019073486,941500,0.0,0.0
2023-06-27 00:00:00-04:00,5.880000114440918,6.539999961853027,5.650000095367432,6.409999847412109,774900,0.0,0.0
2023-06-28 00:00:00-04:00,6.130000114440918,6.375,5.910999774932861,6.119999885559082,363500,0.0,0.0
2023-06-29 00:00:00-04:00,6.199999809265137,6.199999809265137,5.199999809265137,5.440000057220459,703700,0.0,0.0
2023-06-30 00:00:00-04:00,5.380000114440918,5.519999980926514,5.2230000495910645,5.320000171661377,203500,0.0,0.0
2023-07-03 00:00:00-04:00,5.269999980926514,5.329999923706055,5.199999809265137,5.260000228881836,93500,0.0,0.0
2023-07-05 00:00:00-04:00,5.340000152587891,5.449999809265137,5.230000019073486,5.300000190734863,168300,0.0,0.0
2023-07-06 00:00:00-04:00,5.300000190734863,5.300000190734863,4.940000057220459,5.0,174100,0.0,0.0
2023-07-07 00:00:00-04:00,5.099999904632568,5.349999904632568,4.940000057220459,5.070000171661377,110800,0.0,0.0
2023-07-10 00:00:00-04:00,5.079999923706055,5.197000026702881,5.074999809265137,5.170000076293945,42600,0.0,0.0
2023-07-11 00:00:00-04:00,5.150000095367432,5.440000057220459,5.066999912261963,5.400000095367432,118300,0.0,0.0
2023-07-12 00:00:00-04:00,5.28000020980835,5.5,5.254000186920166,5.349999904632568,94900,0.0,0.0
2023-07-13 00:00:00-04:00,5.349999904632568,5.409999847412109,5.260000228881836,5.320000171661377,82300,0.0,0.0
2023-07-14 00:00:00-04:00,5.260000228881836,5.289999961853027,5.045000076293945,5.159999847412109,123100,0.0,0.0
2023-07-17 00:00:00-04:00,5.230000019073486,5.230000019073486,5.045000076293945,5.150000095367432,48000,0.0,0.0
2023-07-18 00:00:00-04:00,5.105999946594238,5.239999771118164,5.059999942779541,5.139999866485596,51300,0.0,0.0
2023-07-19 00:00:00-04:00,5.110000133514404,5.679999828338623,5.110000133514404,5.150000095367432,549200,0.0,0.0
2023-07-20 00:00:00-04:00,5.111000061035156,5.179999828338623,4.75,4.880000114440918,213800,0.0,0.0
2023-07-21 00:00:00-04:00,5.0,5.349999904632568,4.880000114440918,5.28000020980835,373200,0.0,0.0
2023-07-24 00:00:00-04:00,5.210000038146973,5.650000095367432,5.150000095367432,5.559999942779541,1533500,0.0,0.0
2023-07-25 00:00:00-04:00,5.619999885559082,5.960000038146973,5.449999809265137,5.920000076293945,584400,0.0,0.0
2023-07-26 00:00:00-04:00,5.909999847412109,6.099999904632568,5.800000190734863,6.099999904632568,366500,0.0,0.0
2023-07-27 00:00:00-04:00,6.130000114440918,6.360000133514404,6.0,6.360000133514404,266300,0.0,0.0
2023-07-28 00:00:00-04:00,6.440000057220459,7.239999771118164,6.420000076293945,7.150000095367432,1730800,0.0,0.0
2023-07-31 00:00:00-04:00,7.650000095367432,9.199999809265137,7.570000171661377,9.1899995803833,1815200,0.0,0.0
2023-08-01 00:00:00-04:00,9.4399995803833,10.390000343322754,9.279999732971191,10.039999961853027,2326000,0.0,0.0
2023-08-02 00:00:00-04:00,9.520000457763672,9.529999732971191,7.710000038146973,8.369999885559082,1161000,0.0,0.0
2023-08-03 00:00:00-04:00,8.5,8.600000381469727,8.010000228881836,8.180000305175781,349800,0.0,0.0
2023-08-04 00:00:00-04:00,8.510000228881836,8.550000190734863,7.360000133514404,7.590000152587891,314400,0.0,0.0
2023-08-07 00:00:00-04:00,7.590000152587891,7.690000057220459,7.0,7.610000133514404,399400,0.0,0.0
2023-08-08 00:00:00-04:00,7.460000038146973,7.570000171661377,7.150000095367432,7.440000057220459,277400,0.0,0.0
2023-08-09 00:00:00-04:00,7.309999942779541,7.800000190734863,7.25,7.739999771118164,215200,0.0,0.0
2023-08-10 00:00:00-04:00,7.820000171661377,8.180000305175781,7.619999885559082,8.039999961853027,512000,0.0,0.0
2023-08-11 00:00:00-04:00,9.130000114440918,9.130000114440918,6.03000020980835,7.110000133514404,3420300,0.0,0.0
2023-08-14 00:00:00-04:00,5.800000190734863,6.440000057220459,4.400000095367432,4.96999979019165,2511200,0.0,0.0
2023-08-15 00:00:00-04:00,4.920000076293945,4.960000038146973,4.599999904632568,4.730000019073486,537200,0.0,0.0
2023-08-16 00:00:00-04:00,4.659999847412109,4.900000095367432,4.429999828338623,4.5,693200,0.0,0.0
2023-08-17 00:00:00-04:00,4.909999847412109,4.909999847412109,4.21999979019165,4.28000020980835,486700,0.0,0.0
2023-08-18 00:00:00-04:00,4.239999771118164,4.298999786376953,3.8499999046325684,4.010000228881836,407500,0.0,0.0
2023-08-21 00:00:00-04:00,4.039999961853027,4.263000011444092,4.03000020980835,4.099999904632568,334000,0.0,0.0
2023-08-22 00:00:00-04:00,4.099999904632568,4.349999904632568,3.9700000286102295,4.300000190734863,265700,0.0,0.0
2023-08-23 00:00:00-04:00,3.950000047683716,4.210000038146973,3.950000047683716,4.110000133514404,264900,0.0,0.0
2023-08-24 00:00:00-04:00,4.190000057220459,4.190000057220459,3.950000047683716,3.990000009536743,234600,0.0,0.0
2023-08-25 00:00:00-04:00,4.019999980926514,4.110000133514404,3.7899999618530273,3.9800000190734863,784300,0.0,0.0
2023-08-28 00:00:00-04:00,4.019999980926514,4.019999980926514,2.75,2.7799999713897705,1728100,0.0,0.0
2023-08-29 00:00:00-04:00,2.8299999237060547,2.8399999141693115,2.180000066757202,2.5399999618530273,1145200,0.0,0.0
2023-08-30 00:00:00-04:00,2.5299999713897705,3.1500000953674316,2.4200000762939453,2.9200000762939453,830600,0.0,0.0
2023-08-31 00:00:00-04:00,2.9600000381469727,3.2300000190734863,2.7100000381469727,2.740000009536743,317500,0.0,0.0
2023-09-01 00:00:00-04:00,2.75,2.890000104904175,2.75,2.819999933242798,119000,0.0,0.0
2023-09-05 00:00:00-04:00,2.799999952316284,2.885999917984009,2.5799999237060547,2.5899999141693115,266100,0.0,0.0
2023-09-06 00:00:00-04:00,2.4800000190734863,2.7200000286102295,2.380000114440918,2.5899999141693115,408200,0.0,0.0
2023-09-07 00:00:00-04:00,2.5,2.640000104904175,2.390000104904175,2.4800000190734863,101900,0.0,0.0
2023-09-08 00:00:00-04:00,2.509999990463257,2.509999990463257,2.3359999656677246,2.380000114440918,138000,0.0,0.0
2023-09-11 00:00:00-04:00,2.380000114440918,2.4800000190734863,2.3299999237060547,2.450000047683716,143000,0.0,0.0
2023-09-12 00:00:00-04:00,2.450000047683716,2.4600000381469727,2.2699999809265137,2.3399999141693115,143600,0.0,0.0
2023-09-13 00:00:00-04:00,2.390000104904175,2.434999942779541,2.299999952316284,2.3299999237060547,258000,0.0,0.0
2023-09-14 00:00:00-04:00,2.390000104904175,2.4489998817443848,2.2300000190734863,2.240000009536743,177700,0.0,0.0
2023-09-15 00:00:00-04:00,2.309999942779541,2.319000005722046,2.130000114440918,2.180000066757202,127000,0.0,0.0
2023-09-18 00:00:00-04:00,2.190000057220459,2.25,2.1070001125335693,2.1600000858306885,156600,0.0,0.0
2023-09-19 00:00:00-04:00,2.1700000762939453,2.2200000286102295,2.130000114440918,2.130000114440918,25200,0.0,0.0
2023-09-20 00:00:00-04:00,2.119999885559082,2.3499999046325684,2.109999895095825,2.2200000286102295,199200,0.0,0.0
2023-09-21 00:00:00-04:00,2.2200000286102295,2.236999988555908,2.0399999618530273,2.049999952316284,89400,0.0,0.0
2023-09-22 00:00:00-04:00,2.140000104904175,2.2100000381469727,2.0199999809265137,2.109999895095825,85300,0.0,0.0
2023-09-25 00:00:00-04:00,2.259999990463257,2.2899999618530273,1.7799999713897705,1.809999942779541,239200,0.0,0.0
2023-09-26 00:00:00-04:00,1.7899999618530273,1.909999966621399,1.7899999618530273,1.8300000429153442,74000,0.0,0.0
2023-09-27 00:00:00-04:00,1.8300000429153442,1.940000057220459,1.7300000190734863,1.75,53900,0.0,0.0
2023-09-28 00:00:00-04:00,1.7100000381469727,1.7799999713897705,1.659999966621399,1.659999966621399,97700,0.0,0.0
2023-09-29 00:00:00-04:00,1.690000057220459,1.899999976158142,1.6299999952316284,1.899999976158142,120700,0.0,0.0
2023-10-02 00:00:00-04:00,1.899999976158142,2.180000066757202,1.8919999599456787,2.1700000762939453,92400,0.0,0.0
2023-10-03 00:00:00-04:00,2.1500000953674316,2.180000066757202,2.059999942779541,2.125,42600,0.0,0.0
2023-10-04 00:00:00-04:00,2.240000009536743,2.240000009536743,1.850000023841858,1.9299999475479126,46600,0.0,0.0
2023-10-05 00:00:00-04:00,1.9600000381469727,2.119999885559082,1.8899999856948853,1.9900000095367432,78000,0.0,0.0
2023-10-06 00:00:00-04:00,1.940000057220459,2.1600000858306885,1.899999976158142,1.9700000286102295,104700,0.0,0.0
2023-10-09 00:00:00-04:00,1.9299999475479126,2.009999990463257,1.909999966621399,2.009999990463257,7600,0.0,0.0
2023-10-10 00:00:00-04:00,2.069999933242798,2.180000066757202,2.0320000648498535,2.109999895095825,50800,0.0,0.0
2023-10-11 00:00:00-04:00,2.2799999713897705,2.2799999713897705,2.0,2.1700000762939453,64000,0.0,0.0
2023-10-12 00:00:00-04:00,2.130000114440918,2.130000114440918,2.009999990463257,2.0399999618530273,16500,0.0,0.0
2023-10-13 00:00:00-04:00,1.9800000190734863,2.0399999618530273,1.9800000190734863,2.0399999618530273,20900,0.0,0.0
2023-10-16 00:00:00-04:00,2.0299999713897705,2.0950000286102295,1.9600000381469727,2.0799999237060547,6400,0.0,0.0
2023-10-17 00:00:00-04:00,2.068000078201294,2.174999952316284,1.9299999475479126,1.975000023841858,97400,0.0,0.0
2023-10-18 00:00:00-04:00,1.9900000095367432,1.9900000095367432,1.7000000476837158,1.8350000381469727,73600,0.0,0.0
2023-10-19 00:00:00-04:00,1.8300000429153442,1.9299999475479126,1.6699999570846558,1.6799999475479126,311600,0.0,0.0
2023-10-20 00:00:00-04:00,1.6100000143051147,1.7949999570846558,1.590000033378601,1.649999976158142,27100,0.0,0.0
2023-10-23 00:00:00-04:00,1.649999976158142,1.6799999475479126,1.399999976158142,1.4600000381469727,94000,0.0,0.0
2023-10-24 00:00:00-04:00,1.559999942779541,1.7699999809265137,1.4759999513626099,1.75,50600,0.0,0.0
2023-10-25 00:00:00-04:00,1.7100000381469727,1.7109999656677246,1.6299999952316284,1.6299999952316284,30400,0.0,0.0
2023-10-26 00:00:00-04:00,1.7000000476837158,1.7300000190734863,1.5499999523162842,1.649999976158142,59500,0.0,0.0
2023-10-27 00:00:00-04:00,1.649999976158142,1.649999976158142,1.5199999809265137,1.559999942779541,39200,0.0,0.0
2023-10-30 00:00:00-04:00,1.6200000047683716,1.7100000381469727,1.534999966621399,1.7100000381469727,27300,0.0,0.0
2023-10-31 00:00:00-04:00,1.7100000381469727,1.850000023841858,1.6950000524520874,1.809999942779541,54500,0.0,0.0
2023-11-01 00:00:00-04:00,1.8600000143051147,1.8600000143051147,1.659999966621399,1.7599999904632568,18600,0.0,0.0
2023-11-02 00:00:00-04:00,1.8600000143051147,1.8600000143051147,1.659999966621399,1.75,56000,0.0,0.0
2023-11-03 00:00:00-04:00,1.850000023841858,1.8799999952316284,1.7200000286102295,1.7400000095367432,52800,0.0,0.0
2023-11-06 00:00:00-05:00,1.7300000190734863,2.0799999237060547,1.7300000190734863,2.049999952316284,459000,0.0,0.0
2023-11-07 00:00:00-05:00,2.069999933242798,2.4800000190734863,1.9500000476837158,2.440000057220459,312100,0.0,0.0
2023-11-08 00:00:00-05:00,2.4600000381469727,2.5899999141693115,2.2200000286102295,2.380000114440918,212100,0.0,0.0
2023-11-09 00:00:00-05:00,2.4719998836517334,2.4719998836517334,2.0999999046325684,2.2200000286102295,169900,0.0,0.0
2023-11-10 00:00:00-05:00,2.200000047683716,2.377000093460083,2.200000047683716,2.2100000381469727,37200,0.0,0.0
2023-11-13 00:00:00-05:00,2.390000104904175,2.390000104904175,2.059999942779541,2.130000114440918,50700,0.0,0.0
2023-11-14 00:00:00-05:00,2.1500000953674316,2.259999990463257,2.069999933242798,2.0999999046325684,24900,0.0,0.0
2023-11-15 00:00:00-05:00,2.140000104904175,2.3550000190734863,2.0299999713897705,2.240000009536743,55100,0.0,0.0
2023-11-16 00:00:00-05:00,2.2200000286102295,2.25,2.0999999046325684,2.0999999046325684,45500,0.0,0.0
2023-11-17 00:00:00-05:00,2.174999952316284,2.2200000286102295,2.0999999046325684,2.1500000953674316,19600,0.0,0.0
2023-11-20 00:00:00-05:00,2.119999885559082,2.25,2.109999895095825,2.130000114440918,35800,0.0,0.0
2023-11-21 00:00:00-05:00,2.0899999141693115,2.319999933242798,2.0199999809265137,2.1570000648498535,43900,0.0,0.0
2023-11-22 00:00:00-05:00,2.069999933242798,2.1500000953674316,2.0299999713897705,2.119999885559082,41500,0.0,0.0
2023-11-24 00:00:00-05:00,2.0999999046325684,2.2899999618530273,2.0999999046325684,2.2899999618530273,19800,0.0,0.0
2023-11-27 00:00:00-05:00,2.2899999618530273,2.359999895095825,2.2200000286102295,2.2200000286102295,20700,0.0,0.0
2023-11-28 00:00:00-05:00,2.2790000438690186,2.740000009536743,2.2790000438690186,2.640000104904175,240700,0.0,0.0
2023-11-29 00:00:00-05:00,2.6600000858306885,2.6600000858306885,2.440000057220459,2.5299999713897705,162400,0.0,0.0
2023-11-30 00:00:00-05:00,2.486999988555908,2.5299999713897705,2.200000047683716,2.2249999046325684,93300,0.0,0.0
2023-12-01 00:00:00-05:00,2.240000009536743,2.450000047683716,2.049999952316284,2.174999952316284,173500,0.0,0.0
2023-12-04 00:00:00-05:00,2.180000066757202,2.3399999141693115,2.0999999046325684,2.2799999713897705,46400,0.0,0.0
2023-12-05 00:00:00-05:00,2.25,2.325000047683716,2.2100000381469727,2.240000009536743,26800,0.0,0.0
2023-12-06 00:00:00-05:00,2.2799999713897705,2.430000066757202,2.25,2.309999942779541,94400,0.0,0.0
2023-12-07 00:00:00-05:00,2.3399999141693115,2.490000009536743,2.119999885559082,2.119999885559082,46100,0.0,0.0
2023-12-08 00:00:00-05:00,2.200000047683716,2.2899999618530273,2.130000114440918,2.2200000286102295,45900,0.0,0.0
2023-12-11 00:00:00-05:00,2.25,2.380000114440918,2.240000009536743,2.299999952316284,52400,0.0,0.0
2023-12-12 00:00:00-05:00,2.3399999141693115,2.430000066757202,2.319999933242798,2.4000000953674316,31900,0.0,0.0
2023-12-13 00:00:00-05:00,2.390000104904175,2.5999999046325684,2.390000104904175,2.5999999046325684,87100,0.0,0.0
2023-12-14 00:00:00-05:00,2.450000047683716,2.5999999046325684,2.4000000953674316,2.4000000953674316,79600,0.0,0.0
2023-12-15 00:00:00-05:00,2.5299999713897705,2.5889999866485596,2.299999952316284,2.390000104904175,1396600,0.0,0.0
2023-12-18 00:00:00-05:00,2.4600000381469727,2.4600000381469727,2.309999942779541,2.369999885559082,34700,0.0,0.0
2023-12-19 00:00:00-05:00,2.3499999046325684,2.440000057220459,2.299999952316284,2.3499999046325684,47800,0.0,0.0
2023-12-20 00:00:00-05:00,2.369999885559082,2.4100000858306885,2.1500000953674316,2.190000057220459,58600,0.0,0.0
2023-12-21 00:00:00-05:00,2.2200000286102295,2.4000000953674316,2.200000047683716,2.390000104904175,71800,0.0,0.0
2023-12-22 00:00:00-05:00,2.369999885559082,2.369999885559082,2.180000066757202,2.2300000190734863,77800,0.0,0.0
2023-12-26 00:00:00-05:00,2.2300000190734863,2.299999952316284,2.180000066757202,2.2799999713897705,18200,0.0,0.0
2023-12-27 00:00:00-05:00,2.25,2.309999942779541,2.2100000381469727,2.2100000381469727,39100,0.0,0.0
2023-12-28 00:00:00-05:00,2.2200000286102295,2.25,2.190000057220459,2.25,18700,0.0,0.0
2023-12-29 00:00:00-05:00,2.253999948501587,2.2799999713897705,2.2100000381469727,2.2699999809265137,29600,0.0,0.0
2024-01-02 00:00:00-05:00,2.259999990463257,2.2699999809265137,2.0999999046325684,2.119999885559082,74400,0.0,0.0
2024-01-03 00:00:00-05:00,2.059999942779541,2.130000114440918,1.9589999914169312,2.049999952316284,1087900,0.0,0.0
2024-01-04 00:00:00-05:00,2.049999952316284,2.0999999046325684,1.909999966621399,2.0899999141693115,100000,0.0,0.0
2024-01-05 00:00:00-05:00,2.009999990463257,2.0399999618530273,1.9299999475479126,1.9299999475479126,52200,0.0,0.0
2024-01-08 00:00:00-05:00,1.8799999952316284,2.049999952316284,1.7899999618530273,2.0,652900,0.0,0.0
2024-01-09 00:00:00-05:00,2.0199999809265137,2.1600000858306885,1.9199999570846558,1.9900000095367432,64400,0.0,0.0
2024-01-10 00:00:00-05:00,2.0799999237060547,2.0950000286102295,1.9500000476837158,2.0199999809265137,76300,0.0,0.0
2024-01-11 00:00:00-05:00,2.0299999713897705,2.0309998989105225,1.8300000429153442,1.899999976158142,87000,0.0,0.0
2024-01-12 00:00:00-05:00,1.9880000352859497,1.9900000095367432,1.899999976158142,1.9600000381469727,8400,0.0,0.0
2024-01-16 00:00:00-05:00,1.9459999799728394,1.9459999799728394,1.7599999904632568,1.8250000476837158,153300,0.0,0.0
2024-01-17 00:00:00-05:00,1.850000023841858,1.9299999475479126,1.715000033378601,1.7400000095367432,81800,0.0,0.0
2024-01-18 00:00:00-05:00,1.75,1.8240000009536743,1.649999976158142,1.7899999618530273,58600,0.0,0.0
2024-01-19 00:00:00-05:00,1.75,1.75,1.600000023841858,1.6100000143051147,167800,0.0,0.0
2024-01-22 00:00:00-05:00,1.6299999952316284,1.649999976158142,1.5199999809265137,1.5800000429153442,144800,0.0,0.0
2024-01-23 00:00:00-05:00,1.6399999856948853,1.7549999952316284,1.559999942779541,1.690000057220459,96800,0.0,0.0
2024-01-24 00:00:00-05:00,1.75,1.8799999952316284,1.7000000476837158,1.8200000524520874,51400,0.0,0.0
2024-01-25 00:00:00-05:00,1.8600000143051147,1.899999976158142,1.8200000524520874,1.8799999952316284,42700,0.0,0.0
2024-01-26 00:00:00-05:00,1.850000023841858,1.899999976158142,1.8300000429153442,1.899999976158142,58100,0.0,0.0
2024-01-29 00:00:00-05:00,1.815000057220459,1.9500000476837158,1.815000057220459,1.899999976158142,39800,0.0,0.0
2024-01-30 00:00:00-05:00,1.8600000143051147,1.9880000352859497,1.850000023841858,1.940000057220459,96800,0.0,0.0
2024-01-31 00:00:00-05:00,1.9500000476837158,2.0,1.7799999713897705,1.899999976158142,146300,0.0,0.0
2024-02-01 00:00:00-05:00,1.899999976158142,2.0,1.8700000047683716,1.9199999570846558,72400,0.0,0.0
2024-02-02 00:00:00-05:00,1.9199999570846558,1.940000057220459,1.8040000200271606,1.8600000143051147,19800,0.0,0.0
2024-02-05 00:00:00-05:00,1.899999976158142,2.2899999618530273,1.8580000400543213,2.049999952316284,138500,0.0,0.0
2024-02-06 00:00:00-05:00,2.1600000858306885,2.1600000858306885,1.9600000381469727,1.9600000381469727,130900,0.0,0.0
2024-02-07 00:00:00-05:00,1.9500000476837158,2.049999952316284,1.9299999475479126,2.0399999618530273,40200,0.0,0.0
2024-02-08 00:00:00-05:00,2.0199999809265137,2.200000047683716,2.0199999809265137,2.1500000953674316,145400,0.0,0.0
2024-02-09 00:00:00-05:00,2.1500000953674316,2.380000114440918,2.130000114440918,2.3399999141693115,104600,0.0,0.0
2024-02-12 00:00:00-05:00,2.2699999809265137,2.319999933242798,2.0299999713897705,2.119999885559082,62500,0.0,0.0
2024-02-13 00:00:00-05:00,2.009999990463257,2.180000066757202,1.909999966621399,2.140000104904175,41900,0.0,0.0
2024-02-14 00:00:00-05:00,2.1070001125335693,2.140000104904175,1.9600000381469727,2.109999895095825,74800,0.0,0.0
2024-02-15 00:00:00-05:00,2.130000114440918,2.200000047683716,1.9700000286102295,2.049999952316284,54500,0.0,0.0
2024-02-16 00:00:00-05:00,2.109999895095825,2.2899999618530273,2.0799999237060547,2.1700000762939453,126900,0.0,0.0
2024-02-20 00:00:00-05:00,2.130000114440918,2.190000057220459,2.109999895095825,2.119999885559082,49100,0.0,0.0
2024-02-21 00:00:00-05:00,2.069999933242798,2.1500000953674316,2.009999990463257,2.0899999141693115,85400,0.0,0.0
2024-02-22 00:00:00-05:00,2.049999952316284,2.0999999046325684,1.8799999952316284,1.899999976158142,91000,0.0,0.0
2024-02-23 00:00:00-05:00,1.909999966621399,1.909999966621399,1.8200000524520874,1.8700000047683716,49000,0.0,0.0
2024-02-26 00:00:00-05:00,1.8300000429153442,1.9900000095367432,1.8200000524520874,1.899999976158142,80900,0.0,0.0
2024-02-27 00:00:00-05:00,1.9800000190734863,2.450000047683716,1.9299999475479126,2.430000066757202,500800,0.0,0.0
2024-02-28 00:00:00-05:00,2.390000104904175,2.390000104904175,2.0,2.059999942779541,426100,0.0,0.0
2024-02-29 00:00:00-05:00,2.1500000953674316,2.180000066757202,1.9600000381469727,1.9800000190734863,141000,0.0,0.0
2024-03-01 00:00:00-05:00,2.069999933242798,2.0999999046325684,2.0,2.0,120400,0.0,0.0
2024-03-04 00:00:00-05:00,2.0299999713897705,2.0999999046325684,1.9500000476837158,2.069999933242798,74500,0.0,0.0
2024-03-05 00:00:00-05:00,2.009999990463257,2.0399999618530273,1.8300000429153442,1.9199999570846558,214400,0.0,0.0
2024-03-06 00:00:00-05:00,1.9800000190734863,2.049999952316284,1.9700000286102295,2.0199999809265137,101232,0.0,0.0
